2100
2101
2102
2103
2104
2105
2106
2107
2108
2109
2110
2111
2112
2113
2114
2115
2116
2117
2118
2119
2120
2121
2122
2123
2124
2125
2126
2127
2128
2129
2130
2131
2132
2133
2134
2135
2136
2137
2138
2139
2140
2141
2142
2143
2144
2148
2149
2150
2152
2153
2154
2155
2156
2157
2158
2159
2160
2161
2162
2163
2164
2165
2166
2167
2168
2169
217
2190
2191
2198
2199
220
2210
2211
2212
2218
2219
2220
2221
2222
2223
2224
2228
2229
2230
2231
2232
2233
22381
22389
2239
2240
2241
2242
2243
2244
2245
2246
2247
2248
2249
2250
2251
2252
2253
2254
2258
2259
226
2270
2271
2273
2274
2275
2276
2278
2279
22800
22801
22802
22803
22804
22809
2281
2290
2298
2299
20940
20941
20942
20943
20950
20951
20952
20953
20954
20955
20956
20957
20960
20961
20962
20963
20964
20965
20966
20967
20969
Z86010
Z86011
Z86012
Z86018