7400
7401
7402
74100
74101
74102
74103
74190
74191
74192
74193
7420
7421
7422
7423
7424
74251
74253
74259
7428
7429
74300
74303
74306
74310
74311
74312
74320
74321
74322
74335
74336
74337
74341
74342
74343
74344
74345
74346
74347
74348
74349
74351
74352
74353
74354
74355
74356
74357
74358
74359
74361
74362
74363
74364
74365
74366
74369
7438
7439
7441
74421
74422
74423
74424
74429
7443
74441
74442
74443
74446
74447
74449
7445
74481
74482
74483
74484
74489
7449
7450
74510
74511
74512
74519
7452
7453
7454
7455
74560
74561
74569
7457
7458
7459
7467
74682
74684
74685
74687
74689
7469
7470
74710
74711
74720
74721
74722
74729
7473
74731
74732
74739
74740
74741
74742
74749
7475
7476
74760
74761
74762
74763
74764
74769
74781
74782
74783
74789
7479
7480
7481
7482
7483
7484
7485
74860
74869
7488
7489
74900
74901
74902
74903
74904
74910
74911
74912
74913
74914
74920
74921
74922
74923
74924
74925
7500
75010
75011
75012
75013
75015
75016
75019
75021
75022
75023
75024
75025
75026
75027
75029
7503
7504
7505
7507
7508
7509
7510
7511
7512
7514
7515
75160
75161
75162
75169
7517
7518
7519
7520
75210
75211
75219
7522
7523
75231
75232
75233
75234
75235
75236
75239
75240
75241
75242
75243
75244
75245
75246
75247
75249
7525
75251
75252
7526
75261
75262
75263
75264
75265
75269
7527
7528
75281
75289
7529
7530
7531
75310
75311
75312
75313
75314
75315
75316
75317
75319
7532
75320
75321
75322
75323
75329
7533
7534
7535
7536
7537
7538
7539
7540
7541
7542
75430
75431
75432
75433
75435
75440
75441
75442
75443
75444
75450
75451
75452
75453
75459
75460
75461
75462
75469
75470
75471
75479
75481
75482
75489
75500
75501
75502
75510
75511
75512
75513
75514
75520
75521
75522
75523
75524
75525
75526
75527
75528
75529
75530
75531
75532
75533
75534
75535
75536
75537
75538
75539
7554
75550
75551
75552
75553
75554
75555
75556
75557
75558
75559
75560
75561
75562
75563
75564
75565
75566
75567
75569
7558
7559
7560
75610
75611
75612
75613
75614
75615
75616
75617
75619
7562
7563
7564
75650
75651
75652
75653
75654
75655
75656
75659
7567
75670
75671
75672
75673
75679
75681
75682
75683
75689
7569
7570
7571
7572
75731
75732
75733
75739
7574
7575
7576
7578
7579
7580
7581
7582
7583
75831
75832
75833
75839
7584
7585
7586
7587
7588
75881
75889
7589
7590
7591
7592
7593
7594
7595
7596
7597
5898
75981
75982
75983
75989
7599
V1361
V1362
V1363
V1364
V1365
V1366
V1367
V1368
V1369