20000
20001
20002
20003
20004
20005
20006
20007
20008
20010
20011
20012
20013
20014
20015
20016
20017
20018
20020
20021
20022
20023
20024
20025
20026
20027
20028
20030
20031
20032
20033
20034
20035
20036
20037
20038
20040
20041
20042
20043
20044
20045
20046
20047
20048
20050
20051
20052
20053
20054
20055
20056
20057
20058
20060
20061
20062
20063
20064
20065
20066
20067
20068
20070
20071
20072
20073
20074
20075
20076
20077
20078
20080
20081
20082
20083
20084
20085
20086
20087
20088
20100
20101
20102
20103
20104
20105
20106
20107
20108
20110
20111
20112
20113
20114
20115
20116
20117
20118
20120
20121
20122
20123
20124
20125
20126
20127
20128
20140
20141
20142
20143
20144
20145
20146
20147
20148
20150
20151
20152
20153
20154
20155
20156
20157
20158
20160
20161
20162
20163
20164
20165
20166
20167
20168
20170
20171
20172
20173
20174
20175
20176
20177
20178
20190
20191
20192
20193
20194
20195
20196
20197
20198
20200
20201
20202
20203
20204
20205
20206
20207
20208
20210
20211
20212
20213
20214
20215
20216
20217
20218
20220
20221
20222
20223
20224
20225
20226
20227
20228
20230
20231
20232
20233
20234
20235
20236
20237
20238
20240
20241
20242
20243
20244
20245
20246
20247
20248
20250
20251
20252
20253
20254
20255
20256
20257
20258
20260
20261
20262
20263
20264
20265
20266
20267
20268
20270
20271
20272
20273
20274
20275
20276
20277
20278
20280
20281
20282
20283
20284
20285
20286
20287
20288
20290
20291
20292
20293
20294
20295
20296
20297
20298
2300
20300
20301
20302
2031
20310
20311
20312
2038
20380
20381
20382
2040
20400
20401
20402
2041
20410
20411
20412
2042
20420
20421
20422
2048
20480
20481
20482
2049
20490
20491
20492
2050
20500
20501
20502
2051
20510
20511
20512
2052
20520
20521
20522
2053
20530
20531
20532
2058
20580
20581
20582
2059
20590
20591
20592
2060
20600
20601
20602
2061
20610
20611
20612
2062
20620
20621
20622
2068
20680
20681
20682
2069
20690
20691
20692
2070
20700
20701
20702
2071
20710
20711
20712
2072
20720
20721
20722
2078
20780
20781
20782
2080
20800
20801
20802
2081
20810
20811
20812
2082
20820
20821
20822
2088
20880
20881
20882
2089
20890
20891
20892
V1060
V1061
V1062
V1063
V1069
V1071
V1072
V1079