24950
24951
25050
25051
25052
25053
36100
36101
36102
36103
36104
36105
36106
36107
36110
36111
36112
36113
36114
36119
3612
36130
36131
36132
36133
36181
36189
3619
3620
36201
36202
36203
36204
36205
36206
36207
3621
36210
36211
36212
36213
36214
36215
36216
36217
36218
36229
36240
36241
36242
36243
3625
36250
36251
36252
36253
36254
36255
36256
36257
3626
36260
36261
36262
36263
36264
36265
36266
3627
36270
36271
36272
36273
36274
36275
36276
36277
3628
36281
36282
36283
36284
36285
36289
3629
3630
36300
36301
36303
36304
36305
36306
36307
36308
3631
36310
36311
36312
36313
36314
36315
3632
36320
36321
36322
3633
36330
36331
36332
36333
36334
36335
3634
36340
36341
36342
36343
3635
36350
36351
36352
36353
36354
36355
36356
36357
3636
36361
36362
36363
3637
36370
36371
36372
3638
3639