3501
3502
3508
3509
3380
33821
33822
33828
33829
3383
3384
30780
30789
7201
7202
72081
72089
7209
7210
7211
7212
7213
72141
72142
7215
7216
7217
7218
72190
72191
7220
72210
72211
7222
72230
72231
72232
72239
7224
72251
72252
7226
72270
72271
72272
72273
72280
72281
72282
72283
72290
72291
72292
72293
7230
7231
7232
7233
7234
7235
7236
7237
7238
7239
72400
72401
72402
72403
72409
7241
7242
7243
7244
7245
7246
72470
72471
72479
7248
7249
7290
7291
7292
72930
7294
5951
5952
5953
5246
52460
52461
52462
52463
52464
52469
7390
7391
7392
7393
7394
7395
7396
7397
7398
7399
78096