1400
1401
1403
1404
1405
1406
1408
1409
1410
1411
1412
1413
1414
1415
1416
1418
1419
1420
1421
1422
1428
1429
1430
1431
1438
1439
1440
1441
1448
1449
1450
1451
1452
1453
1454
1455
1456
1458
1459
1460
1461
1462
1463
1464
1465
1466
1467
1468
1469
1470
1471
1472
1473
1478
1479
1480
1481
1482
1483
1488
1489
1490
1491
1498
1499
1600
1601
1602
1603
1604
1605
1608
1609
1610
1611
1612
1613
1618
1619
1950
V1000
V1001
V1002
V1021
1500
1501
1502
1503
1504
1505
1508
1509
V1003
1510
1511
1512
1513
1514
1515
1516
1518
1519
20923
V1004
1530
1531
1532
1533
1534
1535
1536
1537
1538
1539
1590
20910
20910
20911
20912
20913
20914
20915
20916
V1005
1540
1541
1542
1543
1548
20917
V1006
1550
1551
1552
V1007
1570
1571
1572
1573
1574
1578
1579
1520
1521
1522
1523
1528
1529
1560
1561
1562
1568
1569
1580
1588
1589
1591
1598
1599
20900
20901
20902
20903
20925
20926
20927
V1000
V1009
1622
1623
1624
1625
1628
1629
20921
V1011
1620
1630
1631
1638
1639
1650
1658
1659
1640
1641
1642
1643
1648
1649
20922
V1012
V1020
V1022
V1029
1700
1701
1702
1703
1704
1705
1706
1707
1708
1709
1710
1712
1713
1714
1715
1716
1717
1718
1719
V1081
1740
1741
1742
1743
1744
1745
1746
1748
1749
1750
1759
V103
179
1820
1821
1828
V1042
1800
1801
1808
1809
V1041
1830
V1043
181
1832
1833
1834
1835
1838
1839
1840
1841
1842
1843
1844
1848
1849
V1040
V1044
185
V1046
1860
1869
V1047
1871
1872
1873
1874
1875
1876
1877
1878
1879
V1045
V1048
V1049
1880
1881
1882
1883
1884
1885
1886
1887
1888
1889
V1051
1890
1891
V1052
V1053
1892
1893
1894
1898
1899
V1050
V1059
1910
1911
1912
1913
1914
1915
1916
1917
1918
1919
1920
1921
1922
1923
1928
1929
V1085
V1086
193
2580
25802
25803
V1087
1760
1761
1762
1763
1764
1765
1768
1769
1900
1901
1902
1903
1904
1905
1906
1907
1908
1909
1940
1941
1943
1944
1945
1946
1948
1949
1951
1952
1953
1954
1955
1958
V1084
V1088
V1089
V109
V1090
V1091