3068161000006118
3068171000006113
6728571000006115
8213881000006116
7295241000006115
7295231000006113
486106015
3068181000006111
366481000006113
1551611000000112
3002701000006118
3002691000006118
1742541000006113
1742551000006110
1742561000006112
1927811000006115
3002681000006116
2618651000006112
7566971000006119
2618641000006110
3068151000006115
6728621000006117
498881000006117
486109010
295618015
295621018
550441000006114
4998391000006118
914491000006114
1927771000006115
296687014
12718211000006115
1885221000006117
7562671000006113
295622013
295623015
389251000006114
6728581000006117
389261000006111
296690015
389281000006118
389291000006115
295625010
389301000006119
8036831000006111
1885241000006112
7573831000006114
1886751000006113
1886771000006115
1886761000006110
296689012
295624014
2163264017
417681000006116
1885231000006119
7562641000006117