356242012
482035011
12050641000006114
3081891000006110
12050691000006117
6250371000006117
41677012
460981000006112
12050681000006115
485624014
3747591000006113
6457681000006112
41676015
12050671000006118
178805019
356317017
91436017
12050661000006113
356328018
1825141000006111
3563051000006112
3563061000006114
3563111000006110
3475791000006118
3232851000006114
489201000006115
4361281000006113
4361451000006116
4361461000006119
4361501000006119
4016871000006115
788431000006110
4016841000006111
484401000006115
398809019
1491626013
292830017
12029841000006117
292837019
1232041011
2764761000006118
354461011
5112151000006119
133724019
3810951000006119
682621000006119
292838012
3862391000006112
3862321000006110
292831018
3862361000006116
505750011
2764791000006114
5111171000006118
2764771000006113
2897121000006119
286325014
879061000006110
60246017
1232670018