1932021000006117
7091821000006115
3299911000006116
5669591000006113
82343012
300130013
300132017
406861000000119
2197581000000114
1823951000006111
8439861000006115
1856431000006118
216183015
406251000000118
408081000000116
1855501000006118
1855511000006115
8214691000006119
408101000000110
8218281000006110
408241000000115
408121000000118
8218591000006111
408141000000113
294601000000110
8037691000006113
9988012
7803641000006113
2608251000000116
2675253013
7046981000006110
5887651000006116
256478018
256479014
2024381000006119
12734511000006115
1000031000006118
1000021000006116
294171000000112
7731461000006119
456154015
6016401000006115
2692063011
783761000006118
7375931000006117
5669611000006119
5057261000006110
7610331000006110
5046681000006115
350465014
865521000006116
5669601000006117
14161701000006115
421235014
14161691000006115
2675306013
1587631000006113
1587611000006119
636721000000112
636701000000115
3636235015
12626271000006110
12734281000006112
6043781000006115
7064691000006118
2608211000000115