2740361000006119
346934011
5886961000006112
12074491000006114
328760018
328737014
4895571000006112
328738016
328743011
328744017
328742018
328739012
2911291000006114
14447031000006112
17390014
295127018
295132017
295131012
295128011
2658601000006116
2911271000006113
4723831000006118
283559019
1133071000006111
936001000006111
739501000000112
899431000006116
991151000006114
397881000006114
6769881000006115
405461000000114
6769921000006111
362921000006118
397791000006118
294664016
476361000006114
4722771000006115
4978581000006119
324489011
500729017
2532939017
940771000006119
2534258017
295136019
2358251000000115
295144019
500478011
295126010
8088751000006117
5827361000006119
1225183017
362931000006115
106878015
13929361000006112
1779661000006118
2474678017
2612481000006116
2475831000000114
7791901000006117
8088741000006119
2549849017
3182591000006114
250335018
7108471000006117
250340014
362251000006117
2796011000006111
283028013
464381000006118
606991000000117
226571000000116
236441000000113
476701000006114
854651000006117
3846821000006114
502017010
7613331000006116
7613321000006119
852381000006110
460926018
12456651000006117
3073921000006112
2819381000006112
2467301000000111
6047161000006116
2485391000000114
15243013
294669014
294674018
7849271000006113
5981291000006110
315091000000117
4978041000006118
3630171000006111
4978481000006118
4978471000006116
138527014
6221531000006118
6947461000006115
476611000006116
346929012
362941000006113
297011014
83834016
3315061000006110
353594015
7821641000006116
4525015
362951000006110
353595019
353587018
362961000006112
3402361000006113
6947471000006110
303399018
886501000006115
3165681000006118
5612351000006115
7309201000006114
294672019
362971000006117
2626161000006111
2626141000006112
294676016
362981000006119
12031691000006112
3315041000006111
251195015
353687012
353698013
478024019
5980911000006115
5110231000006116
5110241000006114
295765017
7309181000006113
2502981000006117
14103017
356292013
397621000006111
476741000006111
12878014
2614651000006115
461112017
5564291000006118
2969641000006116
6221451000006112
1808491000006113
5063221000006116
7858041000006119
3165691000006115
3630161000006116
1808611000006118
8458711000006115
4979021000006116
852151000006117
852161000006115
283451018
342366014
4978591000006116
1680121000006110
1704281000006117
5497631000006115
478046010
542611000006114
4978931000006110
5689781000006117
294668018
370961000006119
451124014
7700651000006119
110629012
295143013
370971000006114
295142015
8048151000006113
3916281000006114
3510721000006113
2881581000006119
295129015
295139014
4978951000006115
4979061000006110
1792751000000118
4978491000006115
750531000000113
8041851000006114
15244019
376451000006113
371501000000110
2502971000006115
4978061000006119
3545831000006115
3545841000006113
3859111000006117
3859091000006114
502016018
377081000006114
480271000000113
4978911000006116
4978571000006117
4978501000006111
3913321000006111
342361016
4978151000006117
4978921000006112
346931015
294670010
507053019
240741000006114
1947501000006118
295130013
295141010
4978461000006111
2740351000006116
1234742013
899421000006119
324467012
379971000006119
379981000006116
379991000006118
380001000006112
380011000006110
380021000006119
380031000006116
380041000006114
380051000006111
380061000006113
380071000006118
380091000006117
380101000006111
380111000006114
380121000006118
380131000006115
940781000006116
4533451000006113
4533461000006110
4533431000006118
961571000006111
3843491000006118
250324011
250323017
5720641000006112
1680131000006113
1754191000006119
1745961000006111
4533331000006113
250329018
7683281000006111
4977991000006113
4979041000006111
8106921000006119
342421016
7821631000006114
8242881000006116
855111000006111
324466015
4978511000006114
299081000000114
299061000000117
817981000006115
144179014
250314015
4978561000006112
7267751000006119
317636014
1738381000000119
6354581000006114
4539891000006115
2364891000000111
2454281000000112
1738341000000110
1878791000006112
2298341000000114
8364771000006117
393861000006111
391941000006118
391351000006115
391511000006110
391521000006119
391501000006112
393321000006113
393601000006114
393591000006118
391951000006116
393311000006117
769451000006111
3630121000006110
394681000006119
753331000006118
3630141000006115
294662017
2579818016
12112021000006111
1480894012
397201000006116
397211000006118
397241000006119
397431000006111
397611000006115
1973481000006115
1972151000006110
1973411000006110
1973441000006114
1973241000006113
1972271000006112
1973321000006113
1972161000006112
1975461000006114
1975181000006111
1975371000006110
1975291000006117
1975411000006111
1975341000006119
1975141000006117
1975591000006119
1975511000006112
1976111000006110
1976071000006119
1975541000006111
1975661000006111
1974521000006117
1974301000006117
397801000006117
1974111000006117
1973701000006119
1973811000006113
1974021000006112
1973871000006116
1974071000006113
1974141000006118
397811000006119
1974191000006110
1974231000006117
7706231000006114
970411000006118
970431000006112
970401000006116
970491000006111
970461000006115
7725141000006111
73012011
250313014
882531000006110
295255012
401797010
295254011
295252010
295253017
295251015
852391000006113
254306016
254305017
14146421000006116
453265010
324488015
401760017
882221000006114
294673012
294675017
294671014
3122331000006110
4978381000006110
7849261000006118
5689771000006115
4978971000006113
460276013
422121000006117
422381000006116
421381000006110
420991000006116
420981000006119
421531000006115
421801000006113
421791000006112
422131000006119
421521000006118
422801000006118
4978651000006111
4978031000006111
4978891000006118
852401000006110
1957791000006115
1675391000006112
831091000006115
740641000000115
831101000006114
8259601000006117
12117371000006112
851931000006116
13770661000006117
1484890014
1746481000000112
1926131000006117
622961000000116
7264381000006117
13996301000006113
8121241000006115
7710581000006113
2716771000000111
2950191000006118
2419601000000110
2007461000006118
4978171000006110
1538911000006119
970391000006118
6455201000006114
6881361000006118
852411000006113
7518451000006115
325596018
649311000006115
899411000006110
4978761000006116
4978781000006114
3890681000006118
216585018
4978681000006115
9344031000006110
9344021000006112
1806211000006115
4978811000006111
342322012
250316018
4533231000006117
3630091000006111
7785371000006113
2462911000000112
4533441000006111