5568041000006111
38839013
3618891000006113
2214111000000116
356490015
2196311000000112
3618851000006119
455076017
480631000006119
4770891000006111
110356018
1846681000006117
415948012
2211441000000110
2211531000000117
420648014
2211471000000116
2196561000000119
5663711000006113
347738011
1777779015
29745012
293571011
2211411000000114
2211521000000119
309291013
2211461000000111
2196531000000112
2477015019
356491016
356488016
297164011
14071301000006119
485267014
1235653017
1229445016
65019016
28040018
1870501000006114
75861010
98079017
421244010
2934111000006116
493961016
1235651015
16067019
666221000006118
5113621000006113
666351000006116
3181661000006112
3580531000006116
8118601000006117
293836015
821721000006117
3135531000006113
5036811000006112
7767671000006112
3423711000006111
5113661000006119
4189911000006117
25680012
682631000006116
1230634013
303845017
356485018
293828012
293570012
1780351000006112
297554011
293566016
6665541000006116
301718017
7061571000006115
3288141000006111
5006721000006115
418931015
28038011
356493018
293560010
3953811000006116
347739015