2872268016
3671101000006113
504528016
452811000006116
399225014
497451015
3408101000006111
882021000006117
294139015
454071000006113
351137013
2593231000006119
294609012
454501000006110
508873014
294141019
5500961000006112
399228011
223491000000112
5939891000006115
1014421000006116
1014381000006114
1014411000006112
1014441000006111
399241010
3620681000006118
14060271000006118
2584231000006117
501134015
4761441000006119
5063881000006116
4761451000006117
294032010
5063961000006118
3505252012
479141000006117
294291012
351071018
882041000006112
960301000006116
894411000006114
480731000006111
7087781000006116
8212401000006115
12059351000006112
745811000006118
294004018
3227541000006114
3893791000006115
293960017
3785381000006118
293965010
306129014
306133019
306138011
6028441000006112
3371441000006112
7615331000006115
7615371000006117
480781000006112
294245016
451077018
480821000006118
480831000006115
294603013
931981000006110
991611000006116
5063341000006116
480871000006117
2938141000006114
494753011
5063361000006117
454255014
881921000006111
906541000006110
988851000006114
3121911000006111
13031341000006117
6842771000006111
3527196013
293956015
7615361000006112
5063311000006115
2938151000006111
5063371000006112
1753161000006112
1701011000006119
294227016
448863016
294190019
399223019
294198014
294202011
294203018
294148013
294599013
5950351000006113
2760081000006117
507619019
294102016
500191000006115
6844061000006114
2501521000006115
501116019
3794451000006119
500268011
3572551000006118
510081000006116
510091000006118
510131000006116
3572571000006111
5510581000006113
3794401000006118
3910081000006117
351107016
514811000006112
514821000006116
905171000006117
3803201000006116
13697351000006113
8021041000006117
8021001000006119
8021011000006116
1866961000006110
6614371000006115
7597941000006114
293884012
149842011
294251014
4762111000006118
4393251000006119
6614481000006114
6614301000006114
4393301000006114
6614321000006116
571901000006110
6614471000006111
293948018
4761161000006111
5063661000006113
499626019
316730019
351106013
351096015
496498015
3467221000006113
3620051000006119
582091000006116
293925011
3186721000006116
2790391000006118
582791000006119
508244016
351128013
351129017
499346019
882031000006119
294182019
590121000006115
590151000006112
399219010
351130010
594781000006111
3323101000006118
293981017
399193019
881931000006114
5500771000006119
12996018
4363551000006119
14056171000006115
477758018
3944001000006113
5063281000006117
2907401000006111
7087751000006112
3516119011
453221019
477268010
504771011
294007013
294178016
3851241000006111
3595671000006112
2759411000006117
2992581000006115
2992501000006112
1216340010
1216339013
293989015
294572011
506650011
763231000006117
4761131000006119
4761111000006113
4761091000006116
3892431000006116
763261000006114
763241000006110
763251000006112
763271000006119
506651010
3892461000006113
4359751000006117
3514431000006111
803661000006114
3514421000006113
1928461000006119
804971000006111
251617011
411530016
251611012
4539681000006117
251615015
940531000006110
496520018
813711000006117
813721000006113
3803531000006110
813731000006111
813741000006118
257185017
2760061000006110
141261000006112
3070771000006118
2907441000006113
3260091000006119
6906631000006115
6888451000006115
257182019
294074017
294066018
294078019
294589015
317693016
399210014
813761000006119
294116014
1490208011
882011000006113
813861000006112
813801000006111
293986010
813821000006118
293999013
294111016
294000010
813851000006110
294145011
294582012
813941000006115
6349131000006118
294068017
4392891000006115
4592261000006114
6904721000006118
6906641000006113
7233831000006119
141251000006110
3495381000006114
4195491000006118
821171000006117
293984013
821351000006113
294085015
821381000006117
1229603011
821561000006115
4761511000006117
93126010
2808511000006115
5574231000006112
251614016
4539721000006112
2816277010
2584581000006118
351150014
2927331000006118
3585031000006118
2900411000006113
456172014
4761551000006116
4195511000006112
789001000006115
3216191000006116
3220231000006118
3220221000006116
1216286014
787861000006116
787871000006111
787881000006114
787891000006112
351241000000113
351261000000114
3922721000006113
3922691000006115
294223017
2601961000006113
293885013
223501000000118
351117014
7761521000006119
278753010
2199661000000112
293888010
745851000006117
906571000006119
745801000006116
7857811000006111
293864013
306137018
6352641000006114
293877016
399195014
12761691000006115
4796531000006117
6352651000006111
7826131000006110
7826141000006117
281961000006111
755101000006110
5587331000006119
316593017
747991000006111
2541851000006119
745101000006113
2541821000006111
731981000006116
3857521000006111
351097012
13031551000006111
1476204014
717901000006114
4796481000006115
5063841000006110
4173251000006117
12616771000006112
294106018
711521000006117
711531000006119
293977017
351100019
496576014
3273911000006114
351101015
763221000006115
399198011
356110010
3362131000006113
881961000006117
495896017
703501000006114
5063381000006110
7684021000006118
5063391000006113
493975011
3220211000006112
701811000006113
297589013
683051000006114
313331000006110
683071000006116
683041000006112
1694851000000112
4417551000006118
1815791000006111
292274012
1815691000006116
6585331000006113
5063401000006110
14071741000006116
679701000006118
12735631000006114
12735641000006116
12735591000006114
12735461000006119
12735431000006111
12736731000006113
12735441000006118
12737731000006111
363101000006116
882001000006110
294105019
294115013
351067016
351070017
351092018
445119014
5887431000006113
3255311000006112
3255321000006116
294564014
881971000006112
255515017
255526011
255517013
255522013
255525010
4575701000006119
41521000006112
294596018
294583019
38181000006111
294593014
316946018
399196010
399205010
293996018
881991000006113
294567019
294575013
294595019
413591000006113
294606017
294278011
294290013
294607014
15581000006119
294602015
294179012
293978010
294144010
294082017
294079010
294590012
293946019
293949014
294112011
293959010
293969016
294275014
294075016
293966011
294586010
881941000006116
293924010
294571016
253601000006110
877401000006114
5730181000006114
399224013
2478769014
399218019
249651000006114
351123016
411515013
474048019
351136016
479750016
2530041000006115
5148411000006116
3803181000006117
14059251000006110
316603018
1216755016
505888017
906551000006112
3866951000006118
219431000006113
132937017
3803211000006118
2530061000006116
2530071000006111
1866401000006118
887991000006119
294093015
294094014
297780010
293952018
424321000006114
3321321000006112
351127015
294142014
294231010
4363591000006113
399240011
294201016
4418001000006112
8300841000006112
495763010
5952111000006110
344913019
4417941000006111
186311000006115
4418041000006114
4418081000006115
179151000006119
6873191000006118
1216009014
315831000006119
2137201000000112
1815761000006115
4173361000006113
1216006019
2535668013
4417981000006117
1815751000006117
291252015
292273018
179181000006110
6873211000006117
6873231000006111
877361000006116
5728851000006112
356109017
156131000006115
4393161000006112
294097019
351126012
152091000006116
294232015
294235018
294098012
7869351000006117
3308541000006113
141181000006110
6904741000006113
141211000006114
141221000006118
3260101000006113
4392811000006113
6904731000006115
6906661000006112
6906651000006110
6905701000006112
2005411000006110
6888471000006113
23676016
2684701000006112
141271000006117
4392911000006118
3070701000006112
6910501000006110
3070711000006110
141191000006113
141201000006111
141231000006115
141241000006113
6905681000006114
294236017
493120017
507621012
132939019
7845981000006119
6528016
262889019
399209016
2513471000006116
399206011
110881000006115
294021010
2808541000006116
474030011
881981000006110
3726941000006112
2808561000006117
2808531000006114
7561511000006114
98611000006117
294109013
3663171000006113
3663181000006111
4278271000006116
294222010
351132019
294211011
293880015
3403411000006113
2790321000006115
1783477014
12084861000006110
12084841000006111
351104011
432501000006117
62281000006111
399201018
62031000006117
294579019
294568012
12719241000006114
62261000006118
293961018
351074014
2562431000006110
2562461000006118
11998051000006118