7819241000006110
2886421000006110
1223224016
84384011
312222019
312220010
312221014
13134012
312223012
490791000006111
2564791000006113
208437018
506064012
399402010
7861621000006118
5605871000006113
297164011
14071301000006119
1230890017
14058781000006117
366601000006119
3697321000006117
7990841000006114
3338311000006111
86133015
2702521000006111
297161015
3722441000006116
2214301000000116
206425010
1727541000006113
3512272016
3512278017
3512275019
3512269011
7692081000006111
495737017
495737017
2477180015
3510471015
3510474011
13493141000006116
11776801000006110
13854301000006116
459361011
3319861000006118
2741681000006112
297163017
500291000006112
5010711000006111
2741701000006110
48792010
2475973017
259703011
5084151000006117
5084161000006115
7708081000006116
7708051000006112
12705071000006113
12705081000006111
5084131000006112
12363701000006117
299601000000114
299621000000117
1937041000006110
4405591000006115
2886461000006116
2886471000006111
358981000006112
21857010
2702531000006114
5528521000006117
3506461000006114
143436010
297162010
5060881000006113
5005991000006114
345122012
2838078010
2841061014
7289421000006111
1786083014
675651000006110
5098291000006110
3735951000006116
255372014
47965014
299397012
409661000006115
47966010
556551000000115
3873641000006113
194673013
186201000006114
14091391000006118
163861000006115
4637014
28047015
5010701000006113
7161931000006118
1667941000000112
1667921000000117
65051000006115