909691000006113
363661000006113
97986013
362181000006117
3265831000006118
3265811000006112
1230451012
2520841000006114
362871000006111
882381000006115
988881000006118
294992011
294993018
362881000006114
4948981000006112
1231321013
363281000006117
363361000006117
3070671000006111
2682511000006110
3090721000006114
283464017
3287741000006111
4944521000006113
5605411000006119
5605341000006111
5249261000006112
5249061000006116
2287071000000115
5605231000006114
5605251000006119
5605281000006110
5605371000006115
5605381000006117
5249071000006111
8103671000006118
5605191000006116
4944421000006114
4944501000006115
4944481000006113
4944431000006112
5605421000006110
5605261000006117
5249271000006117
5605241000006116
5605271000006112
4944401000006116
5605201000006118
5248991000006117
5886481000006112
6025521000006113
5024071000006118
488201000006114
3636421019
296249012
3630001000006116
363641000006114
5024101000006111
6707631000006112
342665019
363651000006111
363671000006118
3287771000006115
2618241000000117
294963012
304838011
363681000006115
294953016
5718781000006117
3785111000006110
2536376012
488251000006113
959751000006115
3543571000006119
367931000006118
368021000006119
1785963019
215911000000118
1488717011
485870016
3142901000006117
882551000006115
2162217014
2162219012
2162216017
401822017
550361000006119
370861000006110
4767501000006113
427051000006113
294960010
33475016
371071000006117
56251019
6550101000006115
375721000006119
375731000006116
6025551000006116
5024171000006117
2162210011
4766241000006110
65032014
3792821000006115
3651051000006111
1216885017
376681000006119
376741000006119
399961000006118
3157141000006116
5645561000006114
5645571000006119
376991000006113
5718031000006115
378121000006112
626101000006114
626121000006116
378291000006117
4196231000006110
8297491000006114
296738019
285365017
6358151000006115
2665410014
5716531000006110
5249611000006112
6462221000006118
7590591000006111
7761221000006117
4082571000006117
4764791000006116
166341019
4944301000006113
1809341000006115
4082451000006114
371300012
5249161000006117
1780458011
485869017
4082761000006116
5249321000006113
7840581000006116
4082561000006112
5249751000006115
295004011
5249391000006110
5249141000006116
5249531000006117
4944341000006110
6592531000006112
5249401000006112
4944241000006115
5621741000006117
370049015
3822891000006112
1221042013
2848311000006117
2848301000006115
1956411000006117
1956421000006113
1956401000006115
481154010
388071000006116
2848291000006116
2533632018
251630012
6857231000006117
4539991000006111
14308031000006113
2789091000006111
389371000006113
389381000006111
5024161000006112
317570015
30729012
389391000006114
401779019
493878012
389431000006115
294964018
787521000006112
147404016
117876016
4764661000006115
7046013
147537017
294968015
294965017
5618511000006113
4082601000006112
6707621000006114
7663271000006111
3654681000006114
398351000006110
9901161000006119
398561000006117
488211000006112
1976491000006113
3497371000006119
9901261000006114
3930891000006115
693631000006110
932131000006118
980191000006111
991621000006112
130538010
882411000006117
399841000006110
677321000006115
295360013
2162212015
882351000006111
675731000006112
296358015
1222256015
402503018
295572018
401783019
675881000006115
46409016
399981000006111
4196241000006117
1227780010
6342801000006111
1849941000006113
3858511000006119
4196071000006119
5024031000006116
400201000006111
2549835014
2549895012
403531000006111
403931000006116
296238018
296245018
295033012
295026012
295031014
882391000006117
296236019
401881014
401888015
5718791000006119
2712981000006115
3798141000006117
339044013
418031000006113
1210253015
296239014
418051000006118
3073541000006113
3962111000006111
2630621000006112
2587471000006114
1808521000006110
3684921000006110
3558031000006116
3375111000006115
3195421000006117
418061000006116
3798151000006115
4792021000006111
8079591000006118
2335571000000115
419841000006116
460275012
294991016
6025151000006114
5249131000006114
3649691000006114
853241000006119
223641000000116
420641000006116
296237011
296224013
401780016
420631000006114
223631000000113
420671000006112
882371000006118
851141000006112
6029481000006111
402505013
423791000006113
423801000006114
295032019
1806261000006117
484681013
295348012
3518581000006119
158091017
423841000006111
5024191000006116
295464017
423851000006113
199321000006118
295362017
199341000006113
423861000006110
295382018
295349016
1494938015
14071291000006115
423881000006117
401804015
1490285011
14367491000006115
295387012
215921000000112
4766391000006112
68432015
423911000006117
295381013
1494941012
215881000000118
295388019
1494943010
295390018
386761000006113
423951000006116
423961000006119
2556071000006110
295383011
295385016
295389010
295384017
882561000006118
423971000006114
295350016
1494939011
1494940013
295351017
1495560015
424011000006115
991801000006118
424031000006114
424041000006116
424051000006119
295342013
295346011
424061000006117
199531000006114
424081000006110
424091000006113
295364016
1491595012
295357018
199581000006110
295441019
4764711000006114
5128581000006112
295363010
295366019
4997141000006113
294927012
295391019
424111000006116
6457481000006114
295470011
295396012
882591000006114
108724018
424121000006112
2626731000006118
3543471000006118
295442014
424151000006115
295355014
3160731000006118
294961014
3076971000006118
12127561000006116
12127571000006111
12127531000006113
12127551000006118
1808511000006119
12127541000006115
300681000000118
2391581000000111
2618361000000113
2618401000000116
2520861000006113
851351000006112
5531801000006117
14158161000006115
425821000006117
3670551000006114
4391041000006110
441512015
296722013
3810661000006112
9901281000006116
2652351000000117
90724016
426871000006113
5024021000006119
2907991000006110
5249361000006119
427061000006110
427071000006115
294994012
294995013
294996014
138401000006119
5624431000006119
5638181000006119
6594761000006115
972741000006112
1774451016
215891000000116
1495057015
199441000006117
4766121000006113
1976701000006111
1976721000006118
1976761000006112
1976731000006115
1976711000006114
370038014
427231000006111
1809331000006113
4944381000006116
429561000006111
478855012
3785101000006112
295029017
3381271000006114