5058441000006113
300442014
4666411000006119
5049891000006110
300441019
884601000006114
488221000000111
1221083011
3733811000006111
8045041000006117
3595951000006110
300968014
7692601000006111
6376851000006113
7052131000006114
7066671000006112
7974971000006110
1756091000006111
482711000006116
2674096019
7173251000006110
111949011
300450017
488301000006118
5963031000006115
1795071000000116
300961015
300960019
349678018
300447015
7870001000006116
7519601000006112
374171016
5058631000006117
1547191000006112
7602931000006112
7573991000006117
7574031000006118
7574001000006114
5042031000006112
5042051000006117
5042021000006114
5042011000006118
6715031000006114
5332701000006118
5042001000006116
28728012
3378551000006118
75422012
7303961000006115
14198581000006114
8284091000006114
2927001000006112
7366031000006118
8045031000006110
6018721000006116
2536174018
6765371000006114
5979841000006114
8013831000006111
8013841000006118
5058651000006112
5900211000006110
5058581000006115
8045021000006112
7515621000006117
639721000006114
271447017
639641000006113
639651000006110
271446014
271456013
640221000006110
639731000006112
639811000006110
639891000006117
639901000006118
1701731000006110
1587791000006117
7353411000006118
1701721000006112
750511000000117
1701691000006119
1701701000006119
745471000000118
1587751000006111
3636216015
7294891000006112
7517361000006113
488231000000113
359211000000113
359191000000114
359231000000117
6376841000006111
7049311000006112
7517371000006118
251699010
8043961000006116
458504012
1728191000006112
7082841000006117
5050351000006118
458503018
300449017
8271361000006113
1967491000006119
1967481000006117
1967531000006119
1967541000006112
7489931000006117
271511016
488261000006110
376661000000117
1587801000006116
1548221000006118
394307019
271470013
17401000006117
2674497017
233221000006115
271505019
225491000006118
4666581000006113
271500012
356241000000118
13502851000006110
6714991000006113
2843131000006117
1547161000006116
7260131000006112
4666401000006117
5049881000006112
7519621000006119
1587741000006114
7521001000006111
1587771000006118
1548161000006117
7099281000006116
2876931000006112
359851000000113
12705151000006116
7107501000006111
2805751000006116
357881000000111
1587761000006113
6057441000006110
7521441000006119
173411000006112
173431000006118
173441000006111
173451000006113
173651000006110
271430018
173691000006116
173461000006110
173471000006115
173711000006118
376721000000119
376701000000111
384161000000110
7368571000006113
7368581000006111
1547181000006114
6014911000006117
271503014
7383611000006111
271490016
271488017
2566531000006110
24379014
300445011
458502011
300438011
3378561000006116
470121011
884591000006118
300437018
124373014
3717321000006114
300448013
300446012
1587811000006118
745391000000111
489971000000111
489951000000119
1587731000006116
356341000000113
384321000000116
349694013
349693019
5900221000006119
5058671000006119
5058591000006117
5058611000006111
8294911000006119
8301071000006118
410960011
349689013