13530051000006113
317387017
3460531000006110
505278011
2514651000006113
5535841000006118
2896421000006114
2939301000006117
1772651000006110
2939251000006112
5008671000006113
1964911000006114
8294031000006114
405691012
6458161000006111
6458141000006112
3176551000006111
317034011
5008651000006115
3773291000006116
7967611000006112
7967591000006118
3773261000006112
219501000000111
267911000006119
7967601000006114
7967581000006116
3773251000006110
345397015
53021000006118
7260631000006116
3773281000006119
3773271000006117
5037661000006112
477724014
6899711000006118
9902171000006115
9902181000006117
981761000006114
3693961000006118
7280391000006110
3693991000006114
200354014
136581000006114
7280381000006112
7606701000006118
3847211000006119
4216921000006118
457106016
12702791000006116
3694011000006119
345396012
303181000006112
2159982016