908411000006114
5049821000006113
5049831000006111
5049801000006115
7515451000006112
3514889019
7848701000006116
4214841000006111
12120381000006119
300468019
2833771000006119
5058461000006112
300460014
300469010
300463011
151487012
22740018
300466015
9836901000006111
9836971000006117
300477014
480891014
2833781000006116
80421013
300472015
9836881000006114
9836911000006114
9836951000006110
5058501000006112
6019221000006118
5047861000006112
6380081000006117
3525407018
5048411000006112
7171201000006110
5048261000006114
5048611000006114
5048351000006118
931881000006115
6648681000006111
5048311000006119
5048591000006115
6714171000006114
6019231000006115
5048531000006119
3525455018
5048471000006115
6713731000006110
5048221000006115
6713601000006114
4778571000006110
224121000000118
5049841000006118
350562014
5058251000006114
488631000006116
6714501000006110
5057931000006110
6715031000006114
223991000000116
350564010
6714521000006117
394339014
357894012
5663541000006119
884571000006119
905551000006117
6510211000006118
5049951000006113
501011000006118
4666391000006119
271416011
5048601000006111
5048421000006116
5048621000006118
5048481000006117
3465461000006113
12125761000006117
14180191000006115
12122231000006112
5050061000006118
530051000006117
530091000006111
530111000006119
530151000006118
530181000006114
530191000006112
530211000006113
530221000006117
530231000006119
1767701000006110
530061000006115
530071000006110
530121000006110
530131000006113
530141000006115
530161000006116
530201000006110
7349021000006118
7353151000006114
530781000006110
530791000006113
530801000006114
530811000006112
530821000006116
530831000006118
530841000006111
5048921000006111
5050381000006114
411512011
6021801000006115
6021811000006117
5836841000006112
4778511000006118
6021771000006117
5058171000006111
6021731000006115
6021741000006113
5058111000006119
5058121000006110
410961010
410962015
881511000006113
292523015
616581000006115
616591000006117
302011
1816181000006116
1816191000006118
2168721000000118
5058691000006118
5048361000006116
2634321000006110
5153821000006115
3688071000006119
5049001000006113
300547018
300541017
300542012
300539018
300556014
300540016
300543019
300553018
300555013
300554012
3807321000006113
639391000006112
639401000006114
639411000006112
639421000006116
639431000006118
639441000006111
639451000006113
639461000006110
639471000006115
639481000006117
639491000006119
639501000006110
639521000006117
639531000006119
639541000006112
639551000006114
639561000006111
639571000006116
639581000006118
639591000006115
639601000006111
639341000006115
639371000006111
639381000006114
271865013
640081000006119
5568871000006110
640131000006119
640141000006112
639821000006119
639831000006116
349676019
639681000006119
349675015
639771000006110
639741000006119
639761000006115
639751000006117
639781000006113
640181000006118
639921000006111
639701000006116
639911000006115
639791000006111
639801000006112
349674016
639881000006115
639841000006114
639851000006111
639711000006118
639871000006118
639861000006113
640151000006114
6713381000006112
6714201000006113
410964019
5048911000006115
410965018
5048891000006117
2762941000006113
641681000006116
394329015
641691000006118
272014018
641701000006118
5048951000006119
5048931000006114
7224311000006117
7284781000006115
1813511000006112
8270131000006112
1813501000006114
1813491000006118
4778531000006112
6021781000006119
5058191000006112
300433019
300434013
5050041000006117
262265016
3985671000006116
349663013
5058301000006119
458506014
3345371000006113
2634331000006113
272013012
5905261000006116
2967551000006110
6019791000006114
2715071000006111
2781501000006113
530171000006111
4214791000006113
3322941000006110
4214801000006114
6019781000006111
5050031000006110
5050071000006113
6714281000006116
7515471000006119
6714301000006117
5049971000006115
668731000006114
668741000006116
6715001000006118
4214831000006118
4214851000006113
6019801000006110
6020441000006110
6714881000006115
6714811000006110
6714251000006112
3512217018
7685381000006117
6933771000006113
3511945019
3525408011
3525453013
8032061000006113
9837051000006111
8279141000006112
2232441000000113
451376017
7140321000006119
7482951000006115
3532661000006118
787101000006114
394321017
272072010
394323019
458505013
6017301000006114
394328011
3326631000006112
5050011000006116
785611000006113
4667771000006118
3326601000006116
6714461000006110
5967791000006110
5967861000006112
5050371000006111
13931051000006110
5050391000006112
271905011
5050421000006116
5050411000006112
772141000006118
913921000006119
105536013
13919641000006111
9478131000006113
9478151000006118
9478181000006114
4778551000006117
5886711000006111
443199013
1699111000006110
2377871000000112
5126451000006116
8044221000006116
742481000006118
357895013
8278561000006114
450665015
309177010
14071551000006111
7108391000006114
5898341000006114
7703651000006112
5126461000006119
5058091000006111
5126441000006118
4807571000006117
7108401000006111
12126841000006116
12126101000006110
748091000006113
908901000006115
908911000006117
5973011000006118
451198016
272036015
8009281000006110
8009291000006113
13919631000006118
6015571000006117
262274019
5058071000006110
5058081000006113
719601000006110
5126401000006115
309180011
357893018
115848011
5126491000006110
280561000006111
2185971000000113
9323741000006119
2184631000000119
5961361000006110
9874571000006115
12126961000006113
1847211000006112
2186011000000113
9874601000006110
12126951000006111
271509013
411214011
272031013
394332017
272035016
272033011
455900010
272032018
272034017
272037012
271891014
272038019
271431019
271445013
349665018
349664019
272003016
36061000006118
349666017
271868010
349677011
349661010
32181000006113
349671012
349670013
349667014
394338018
31351000006112
31361000006114
349669012
349668016
24561000006118
24571000006113
271896016
410981011
410966017
410980012
394341010
394330013
410979014
410978018
395791015
17311000006112
410970013
410972017
394337011
17351000006113
17361000006110
410969012
13791000006111
272071015
271444012
271867017
271895017
300510018
300514010
300963017
271880019
271842015
271907015
4668191000006117
239491000006117
5048441000006111
5048281000006116
5048381000006114
5048501000006110
4666711000006113
4668151000006111
4668171000006118
5592751000006111
5049471000006112
272052017
271900018
7493991000006117
7640701000006112
7140691000006113
272055015
271901019
272056019
272059014
272061017
455901014
1548341000006118
238621000006112
300511019
6632251000006115
4392221000006118
913941000006114
300970017
1847121000006114
13944841000006117
1823971000006118
884661000006110
300550015
6632221000006112
13944851000006115
235491000006115
13944861000006118
6632271000006113
12704411000006113
674961000006118
1222508013
350533013
350535018
5058001000006116
5057981000006111
884611000006112
884621000006116
300515011
235911000006116
906771000006113
1696201000006114
8015271000006112
216185010
1696211000006112
741131000000114
1696221000006116
741071000000112
1696231000006118
2231891000000112
8298671000006110
1696241000006111
2231911000000110
8298661000006115
616441000006113
3280921000006115
5836751000006115
458507017
3918361000006110
5049011000006111
349662015
216701000006116
4778611000006117
6015601000006112
6713211000006114
6713201000006111
201771000006117
272017013
201761000006112
272018015
6633851000006110
410976019
349652010
410975015
410977011
394340011
272019011
272022013
187331000006112
271881015
394326010
410974016
272020017
411078012
2598661000006115
410973010
410967014
272029016
272041011
394331012
272030014
272042016
6713191000006113
173401000006114
173421000006116
173481000006117
173491000006119
173501000006110
173511000006113
173521000006117
173531000006119
173541000006112
173551000006114
173561000006111
173571000006116
173581000006118
173591000006115
173601000006111
173611000006114
173621000006118
173631000006115
173641000006113
173661000006112
173671000006117
271843013
394322012
349717014
272294012
5051671000006111
12120191000006118
272077016
272076013
272078014
12126121000006117
5048491000006119
6715411000006111
5058481000006119
6021791000006116
5058211000006113
6019821000006117
6019831000006119
14164481000006119
3978101000006118
3841211000006114
12126751000006113
89891000006117
89901000006118
271908013
410968016
90051000006113
394333010
410983014
410984015
410986018
410985019
410982016
5967911000006119
913931000006116
459308015
84591000006119
84781000006112
459306016
84961000006116
13919691000006119
13919651000006113
1715241000006112