21390015
69311016
94731013
95786019
98546013
104872017
151338014
216186011
251716013
253533013
264514012
264536010
264540018
264541019
264542014
264543016
264544010
264545011
264546012
264547015
264550017
264551018
264556011
264565016
264566015
264567012
264568019
264569010
282488010
282489019
282490011
282491010
282492015
282493013
283029017
283550015
285727014
285728016
285891014
301480018
301485011
301499010
301508013
301509017
301511014
324412011
331437014
331445016
338238011
350147016
350148014
350149018
350151019
350152014
350153016
350154010
350156012
396114013
396118011
396119015
396120014
405054019
405055018
409865018
411877015
419211018
456163018
456164012
459419018
1208954011
1208955012
1208956013
1208957016
1208958014
1208959018
1208960011
1208962015
1208969012
1208970013
1208971012
1208972017
1208976019
1208977011
1212342016
1226348019
1483199016
1484905010
1484910014
1484911013
1484953014
1485142010
1485143017
1485146013
1488421017
1488422012
1488436019
1488722011
1780194017
1780336013
1780378019
1780379010
1780388018
2163183015
2474332015
2535857010
3505218014
3505219018
3511374015
3514315010
3514925011
3637387011
16091000000110
21611000000113
137491000000115
139051000000111
145961000006117
157901000000115
165691000000116
235661000000118
305611000000115
351281000006112
351291000006110
358241000006112
358251000006114
363391000006113
471931000006114
477291000006114
496311000006117
496321000006113
496331000006111
496351000006116
496361000006119
496491000006117
636231000000119
636251000000114
636271000000117
636291000000118
636311000000117
655601000006113
655611000006111
660351000006118
797211000006117
817361000006114
833341000006113
856031000006110
856041000006117
856051000006115
885291000006115
905331000006118
908841000006111
929091000006111
955631000006116
983771000006118
1012731000006119
1052641000006113
1139131000000117
1176461000000114
1176501000000114
1176541000000112
1722421000000110
1722501000000119
1722581000000112
1722651000000119
1722731000000116
1739131000000111
1739141000000119
1739151000000116
1739161000000118
1739171000000113
1739871000006114
1753401000006117
1768981000000110
1769451000000116
1807891000006111
1807901000006110
1807911000006113
1807921000006117
1807931000006119
1807941000006112
1811901000006116
1821501000006116
1821511000006118
1821531000006112
1855521000006111
1855531000006114
1856351000006118
1859261000006117
1877351000006118
1880001000006114
1916511000006114
1927091000006116
1947591000006113
1947601000006117
1947611000006119
1948051000006112
1983981000006118
2009981000006110
2010031000006116
2010041000006114
2115631000000117
2117771000000117
2131281000000114
2240591000000119
2297651000000118
2379801000000110
2423691000000114
2446671000000118
2460351000000111
2685251000006117
3005801000006117
3005811000006119
3047731000006119
3435971000006119
3948141000006117
4009591000006110
4020511000006119
4540771000006118
4781521000006110
4781531000006113
4781551000006118
4781561000006116
4781571000006111
4781581000006114
5054341000006110
5054381000006116
5054431000006112
5492441000006114
5649191000006110
5904331000006116
5979441000006111
5979451000006113
6298421000006116
6512381000006116
6550131000006111
6648991000006117
6717641000006116
6720721000006111
6724151000006111
6782071000006115
7015991000006110
7021801000006116
7030311000006117
7030321000006113
7052221000006118
7062421000006112
7067211000006115
7071891000006112
7076331000006112
7077481000006119
7100601000006111
7258581000006114
7307941000006113
7510501000006115
7518271000006114
7584511000006110
7584541000006114
7617611000006112
7617621000006116
7617631000006118
7618791000006110
7626521000006110
7626531000006113
7626541000006115
7628301000006111
7628321000006118
7628331000006115
7688501000006112
7748211000006113
7961271000006111
7961281000006114
7965491000006114
7966291000006118
7970131000006117
7970171000006119
7979131000006110
8031201000006110
8038961000006111
8038971000006116
8042571000006111
8042581000006114
8060791000006112
8060811000006111
8061011000006113
8061031000006119
8061051000006114
8109001000006118
8109021000006111
8109041000006116
8109071000006112
8109091000006113
8263631000006115
8555681000006115
9315071000006116
9315091000006116
9315171000006116
9315181000006118
9315201000006116
9315251000006118
9315261000006116
9315281000006114
9315291000006112
9315301000006112
9315321000006116
9315341000006110
9315391000006118
9315431000006112
9315461000006116
9317311000006120
9317331000006112
9317341000006116
9934311000006112
11922851000006116
12452001000006112
12618341000006116
12623601000006112
12626261000006116
12734271000006114
12734731000006116
12734761000006112
13619851000006112
13619961000006120
13620311000006116
13659841000006116
13775501000006112
13930321000006112
13979551000006116
13997031000006116
14504061000006110
14504071000006116
14679401000006116