366551000006116
376631000006115
377461000006113
428441000006116
294938012
294935010
2876011000006119
2876021000006110
2875981000006116
363931000006110
366531000006111
5024421000006110
2579633010
6768081000006116
7567091000006119
6768091000006118
420581000006111
13503701000006111
13964071000006114
13963471000006119
3202401000006119
366581000006112
3202381000006119
366591000006110
2535850012
6383321000006111
3061861000006117
72723012
370801000006114
3670581000006118
296745019
119579013
294941015
119577010
388761000006114
7565791000006114
1140131000000110
294937019
389671000006119
781051000006117
7842691000006118
2477201014
394581000006118
398241000006118
7534181000006118
401910019
296678017
7696821000006118
3078471000006111
296679013
294939016
294936011
425581000006116
2875991000006118