237011
5455016
19603015
67066018
88872012
113765010
113768012
121881019
122658016
122659012
130763013
134219012
146871011
152351018
152354014
152355010
152364017
152367012
152372015
152379012
152382019
152413019
152415014
152433015
152435010
152450018
152454010
152459017
152471011
152472016
152473014
152474015
152475019
152476018
152477010
152481010
152484019
152487014
152489012
152490015
152491016
152494012
152497017
152506017
152507014
152512010
152513017
152514011
152523014
152526018
152531016
152532011
152536014
152544014
152546011
152547019
152548012
152552012
152553019
152555014
152564016
152565015
152568018
152570010
152576016
152578015
152580014
152597015
152604011
152609018
152612015
152614019
152615018
152617014
152624010
152636016
152637013
152639011
152645015
152668012
152671016
152675013
152677017
152678010
152681017
152685014
152686010
152711018
152712013
152728015
152731019
152737015
152740015
152743018
152744012
152748010
152756013
152757016
152759018
152761010
152762015
152763013
152765018
152769012
152772017
152774016
152775015
152778018
152779014
152780012
152782016
152784015
152786018
152789013
152790016
152797018
152798011
152799015
152802012
152803019
152808011
152809015
152812017
152817011
152824012
152826014
152827017
152838017
152839013
152842019
152843012
152844018
152845017
152846016
152847013
152848015
152852015
152857014
152859012
152860019
152861015
152862010
152863017
152865012
152868014
152869018
152870017
152873015
152875010
152879016
152883016
152887015
152904014
152905010
152906011
152907019
152908012
152914017
152915016
152916015
152919010
152930013
152931012
152934016
152936019
152948016
152950012
152951011
152954015
152956018
152958017
152961016
152962011
152970018
152972014
152980019
152981015
152983017
152992019
152993012
152996016
152998015
153002016
153004015
153006018
153007010
153010015
173926016
174531019
178665018
178666017
195278019
201615012
201618014
201622016
206785012
216069019
268391011
274082010
274083017
274107017
289993018
290006010
290011012
290020015
290025013
290028010
290031011
290037010
290040010
290049011
290050011
290051010
290053013
290054019
290057014
290065012
290066013
290067016
290068014
290069018
290071018
290072013
290098019
290120018
290131014
290162013
290163015
290167019
290168012
290173018
290174012
290175013
290176014
290177017
290200011
290202015
290205018
290208016
290209012
290210019
290215012
290218014
290219018
290236014
290237017
290238010
290240017
290241018
290242013
290243015
290254013
290256010
290257018
290258011
290259015
290263010
290264016
290265015
290266019
290267011
290268018
290269014
290270010
290287012
290289010
290292014
290295011
290300013
290301012
290302017
290303010
290308018
290309014
290310016
290311017
290313019
290314013
290316010
290319015
290320014
290321013
290322018
290323011
290324017
290326015
290327012
290328019
290329010
290331018
290332013
290340019
290341015
290345012
290351019
290352014
290353016
290354010
290356012
290359017
290401013
290403011
290404017
290405016
290407012
290412013
290413015
290416011
290417019
290418012
290420010
290422019
290423012
290424018
290425017
290426016
290427013
290428015
290430018
290431019
290433016
290449019
290456013
290457016
290459018
290462015
290463013
290464019
290465018
290466017
290477011
290478018
290479014
290481011
290484015
290485019
290486018
290516014
290517017
290523010
290525015
290529014
290531017
290532012
290533019
290534013
290535014
290536010
290549017
290552013
290553015
290555010
290559016
290560014
290562018
290565016
290570011
290571010
290574019
290575018
290578016
290580010
290581014
290589011
290591015
290592010
290595012
290598014
290602011
290604012
290605013
290606014
290607017
290608010
290617010
290621015
290622010
290627016
290628014
290630011
290633013
290649010
290655017
290659011
290660018
290661019
290663016
290677018
290690013
290693010
290696019
290697011
290699014
290702019
291402014
291524011
291621012
291742015
291745018
291862016
291867010
291869013
292215018
292216017
292217014
292218016
292221019
292225011
292229017
292230010
292231014
292232019
292234018
292239011
292240013
292241012
292242017
292245015
303296011
303297019
304847015
304848013
304849017
304850017
304851018
304914011
305252013
352751018
352752013
373597014
377908016
379203010
379886010
380295012
380303011
380304017
380306015
380310017
380311018
380312013
380314014
380315010
403717018
403719015
403721013
403723011
403725016
403727012
403728019
403729010
403731018
403753016
403763012
406267019
406268012
406269016
406270015
406271016
406272011
406273018
406274012
406275013
406277017
406334016
410891018
424994016
424998018
444834014
453195011
454202015
455395015
480897013
497746010
509786019
509813011
509820016
509905011
509959014
509960016
509974011
509978014
510006014
510351018
1216415019
1216423017
1217168010
1217179017
1217190010
1217252010
1217315012
1224982015
1228349017
1233620012
1233855012
1234290019
1235254016
1235718016
1235719012
1235722014
1235723016
1235726012
1235727015
1235728013
1235730010
1235731014
1480891016
1492257015
1495519010
1780258013
1780259017
1780321010
2471467015
2475985013
2475990011
2532986018
2550826017
2577839015
2674027016
103841000006115
123831000006117
136011000006111
145981000006110
176581000006111
215321000006118
218681000000113
223121000000116
253671000006116
289051000006114
304311000006116
305341000006116
305351000006119
305461000006111
305471000006116
305661000006113
306241000006119
307131000006115
308011000006114
308681000006111
309381000006112
309591000006118
309601000006114
309631000006118
309661000006110
309671000006115
309721000006112
309911000006118
309961000006115
309971000006110
310291000006111
310381000006115
310411000006117
310551000006115
310771000006119
311081000006112
312341000006110
312401000006116
312901000006112
313681000006116
314081000006110
314091000006113
314191000006114
314551000006113
315561000006114
315731000006110
315811000006113
316231000006114
317741000006114
317891000006111
318031000006117
318061000006114
366791000006119
366971000006118
366981000006115
366991000006117
367001000006113
483081000006115
505041000006116
505051000006119
505061000006117
505301000006116
505701000006115
505711000006117
505741000006118
505751000006116
505851000006110
505861000006112
505941000006115
505951000006118
505961000006116
506031000006117
506551000006118
506631000006112
506751000006110
507001000006110
507141000006111
507191000006119
507351000006111
507441000006118
507601000006118
507701000006113
507881000006114
507921000006118
507941000006113
507971000006117
508141000006110
508311000006114
508901000006110
509041000006118
509451000006114
509461000006111
509521000006118
509531000006115
509581000006119
509591000006116
509601000006112
533121000006116
543101000006113
552451000006110
557371000006110
632051000006110
643461000006113
695981000006119
731391000006119
751881000006112
754941000006113
799201000006113
812561000006116
862071000006118
880991000006115
881001000006119
881011000006116
881021000006112
881041000006117
881051000006115
881071000006113
881101000006115
881111000006117
881121000006113
881131000006111
881141000006118
881151000006116
881161000006119
881171000006114
886451000006117
887311000006113
1848801000006114
1884201000006111
1884211000006114
2272391000000114
2286541000000116
2286581000000112
2506801000006116
2561141000006117
2561171000006113
2561191000006114
2580021000006118
2666041000006116
2724301000006114
2743581000006112
2762491000006110
2762521000006112
2785881000006115
2823821000006112
2833841000006115
2932361000006114
2992261000006111
2992281000006118
2992291000006115
2992311000006116
2992321000006112
2992331000006110
3001581000006113
3037001000006111
3063591000006114
3074831000006119
3116601000006117
3119001000006116
3139661000006118
3185851000006113
3270181000006114
3366881000006116
3373761000006117
3380271000006119
3421031000006115
3425511000006115
3488931000006116
3530231000006112
3621151000006111
3701731000006116
3716581000006119
3771831000006118
3799181000006119
3823541000006113
3856311000006112
3923801000006115
3994791000006110
3994831000006115
3994921000006110
3994931000006113
3995021000006110
3995221000006118
3995481000006115
3995491000006117
3995761000006118
3995861000006111
3995941000006119
3995991000006111
3996001000006112
3996011000006110
3996061000006113
3996191000006116
3996241000006116
3996251000006119
3996291000006113
3996321000006116
3996491000006112
3996571000006110
3996661000006119
3996671000006114
3996781000006118
3996851000006115
3997001000006114
3997141000006110
3997201000006115
3997271000006114
3997461000006118
3997471000006113
3997501000006118
3997671000006111
3997701000006112
3998021000006115
3998091000006118
3998181000006115
3998211000006116
3998511000006119
3998661000006115
3998741000006113
3999101000006115
3999251000006112
3999401000006114
3999441000006111
3999741000006119
3999761000006115
4000021000006113
4000101000006116
4000161000006115
4000311000006115
4000411000006113
4000511000006114
4000601000006112
4000691000006117
4000721000006110
4000801000006113
4000811000006111
4001071000006116
4001111000006112
4001341000006114
4001361000006113
4001391000006117
4001411000006117
4001421000006113
4001461000006119
4001481000006112
4001611000006115
4001621000006111
4001641000006116
4001731000006117
4001761000006114
4001841000006115
4001911000006114
4001991000006116
4002111000006117
4002141000006118
4002181000006112
4002261000006114
4002331000006113
4002391000006112
4002441000006111
4002511000006113
4002521000006117
4002681000006119
4002801000006112
4002961000006117
4002991000006113
4003111000006111
4003121000006115
4003201000006115
4003231000006111
4003331000006115
4003391000006116
4003461000006118
4003471000006113
4003541000006116
4003641000006115
4003661000006116
4003681000006114
4003691000006112
4003801000006116
4004111000006114
4004351000006113
4004601000006115
4004651000006116
4004661000006119
4004671000006114
4004731000006119
4004741000006112
4004801000006119
4021371000006110
4059431000006117
4317311000006115
4391201000006119
4753721000006112
4753731000006110
4753761000006118
4753861000006111
4753891000006115
4754001000006119
4754241000006110
4755471000006119
4755501000006114
4755531000006118
4755561000006110
4755591000006119
4755691000006115
4755701000006115
4755731000006111
4756261000006118
5007471000006111
5027931000006111
5324211000006119
5324221000006110
5324251000006118
5324411000006118
5324661000006118
5325121000006118
5325131000006115
5346031000006110
5347361000006119
5348311000006118
5348941000006115
5351371000006116
5351381000006118
5351831000006111
5351921000006116
5353511000006118
5353951000006112
5354021000006117
5355111000006113
5356771000006112
5356781000006110
5356821000006116
5356931000006111
5357131000006111
5357151000006116
5357211000006111
5511891000006115
5523411000006118
5524971000006116
5571441000006116
5590641000006119
5590661000006115
5720981000006114
5724861000006116
5836671000006115
5992221000006115
6051641000006118
6477011000006113
6635341000006115
6636091000006119
6636451000006115
6636461000006118
6636711000006110
6782021000006116
7107261000006110
7343971000006116
7577631000006119
7577641000006112
7577651000006114
7577671000006116
7724751000006111
8457241000006111
11851151000006112
11927581000006112
13685721000006112
13789891000006112
13789901000006112
14056451000006116
14174001000006112