8461891000006117
8016471000006118
456802011
221141000000110
511631000006119
511651000006114
511661000006111
511671000006116
511681000006118
303553019
511641000006112
4787721000006114
303557018
511721000006113
511741000006118
396401019
6426451000006115
5493091000006117
2914881000006114
864551000006114
5563431000006116
12114421000006114
5377281000006118
6450021000006115
282779017
7440831000006114
519151000006119
396399013
261065011
5493141000006113
551551000006117
886531000006111
990461000006112
3476471000006116
303568018
3088071000006114
511731000006111
5964771000006118
221151000000113
886541000006118
3470731000006110
303544014
7837301000006117
5087341000006110
798031000006117
864501000006110
3950781000006112
3612481000006111
864651000006110
6558191000006112
551561000006115
3088081000006112
303569014
396396018
551611000006117
2974051000006116
3531543012
7516401000006118
3470741000006117
2914891000006112
303571014
303570010
3643931000006119
3942131000006112
4058601000006115
5964751000006111
5964761000006113
3612491000006114
13697661000006119
642911000006111
270275010
7348951000006117
7146421000006110
270530011
2675445019
644591000006115
643001000006117
450846014
7146441000006115
353115013
3974131000006115
3849001000006116
3974101000006111
659641000006112
1235598015
659671000006116
3849021000006114
3974091000006117
3848991000006116
7639821000006117
662491000006118
4605681000006116
8290461000006119
5081431000006116
6012911000006113
6012921000006117
353659015
1231999012
797971000006116
797961000006111
797951000006114
798011000006111
797991000006115
798001000006113
798021000006115
7837311000006119
798041000006110
303548012
3942201000006114
5087361000006114
798051000006112
5377251000006114
353686015
3531544018
3317031000006113
353697015
63341012
4058681000006112
353657018
5087381000006116
2159237010
2616001000006117
3400821000006114
2992281000006118
2992291000006115
7877121000006111
310471000006114
291537014
7700421000006113
5838561000006113
2567181000006119
2567161000006112
270801000006117
4610331000006117
270911000006114
270901000006111
271011000006117
4610351000006112
3111541000006110
2247781000000110
2693589010
254151000006117
394253011
254181000006113
5486131000006112
270252015
1232963016
303789013
864801000006112
5088031000006119
5377241000006112
239001000006117
3561821000006114
5594061000006115
239101000006118
239201000006111
238691000006114
270297012
5593791000006111
2674058015
6051821000006112
7293961000006114
6426471000006113
3942181000006113
3809011000006110
6426461000006118
5087401000006116
396398017