396771000006117
296135011
1785871000006117
1785871000006117
396691000006111
401865016
294893019
5435901000006117
3854401000006113
513701000006116
513721000006114
513731000006112
367081000006116
367091000006118
1975941000006115
1975931000006113
367101000006112
398541000006116
492761000000114
513751000006117
367111000006110
513801000006112
367121000006119
4767311000006117
513861000006113
294862015
294863013
294868016
294861010
294858014
513811000006110
294849019
294850019
367071000006119
294848010
12059221000006110
513871000006118
13716031000006110
294887010
82091000006116
296130018
3886291000006119
12059201000006116
12059211000006119
367151000006111
1785851000006110
12059251000006118
3006671000006118
12059241000006115
1785861000006112
14440551000006110
7849081000006116
513711000006118
14333601000006113
14357511000006119
1780205015
460274011
345141000006111
389401000006111
851691000006114
5688911000006118
5688901000006116
5649431000006118
789221000006116
264612016
296110017
2730051000000114
396701000006111
2730071000000117
396711000006114
2730091000000118
401863011
882321000006119
5023961000006111
5688931000006112
5688921000006114
513741000006119
294809010
401765010
396741000006113
401864017
2157096015
223601000000119
396761000006112
7860831000006112
396781000006119
251190013
294860011
294847017
396791000006116
882311000006110
396801000006115
396071000006119
1973991000006111
1972351000006113
1973061000006116
1972961000006114
1975411000006111
1973751000006115
1971601000006113
1974791000006111
1973121000006111
294882016
294869012
294877011
294876019
8235161000006110
294871012
294872017
701051000006118
701071000006111
294874016
294870013
294895014
4196201000006119
294883014
1972101000006111
5023451000006115
1972091000006117
3447781000006113
294891017
294896010
296118012
1227584015
5933701000006116
367061000006114
996171000006114
8041781000006111
13911951000006118
294818012
294810017
424661000006111
294817019
182861000006110
8237821000006118
294812013
294813015
182871000006115
294815010
294811018
6891981000006111
3118041000006112
425511000006111
425571000006119
425701000006119
82171000006116
82151000006114
3468391000006115
3174001000006110
367051000006112
2960491000006119
513691000006116
2652251000000113
294808019
294807012
8237871000006117
294803011
294804017
294805016
294806015
294802018
294880012
294888017
294881011
294892012