12699010
30590019
34208010
34210012
39884018
51969018
51972013
51973015
80092017
117363016
117365011
158297010
158299013
251765015
261016018
261017010
261018017
261022010
261023017
261024011
261029018
261030011
261031010
261042018
272375016
272393015
272394014
272396011
272399016
272400011
272438010
272542011
272543018
272556013
272557016
272558014
272563013
272564019
272569012
272571012
272572017
272573010
272604014
272605010
272732012
272768019
304094012
304112014
304113016
304115011
304172018
304173011
304174017
304175016
304368014
305194016
317507016
317508014
317509018
317510011
354793016
394381015
396715016
396716015
398876010
404562010
404563017
404564011
404565012
406706014
406707017
406708010
411861016
444002018
453179011
459826012
478111016
480263010
480970019
481900014
481901013
484765012
512193015
512195010
1221571017
1229051019
1488616013
1490829012
1491477011
2478855015
3520574014
67731000006118
73491000006113
73521000006110
176671000006112
177221000006111
239211000006114
239331000006111
368981000000111
369131000006110
431601000006114
490291000000113
503901000006116
607041000006119
649091000006110
649101000006116
649111000006118
659581000006117
659701000006115
659731000006111
659741000006118
659751000006116
677391000006118
677411000006118
678161000006110
678191000006119
678201000006116
866861000006119
866871000006114
867051000006114
867191000006119
867281000006113
867331000006116
867591000006114
867861000006116
868351000006110
886671000006113
886741000006111
990461000006112
990801000006114
1695341000006114
1807351000006110
1936061000006112
2763521000006118
2787601000006119
2787611000006116
2787621000006112
2818541000006118
2823141000006113
2838211000006110
2889051000006115
2889061000006118
2889071000006113
2889091000006114
3000671000006115
3000681000006117
3105591000006118
3177671000006117
3367831000006115
3417431000006111
3630641000006110
3630651000006112
3649041000006113
3649051000006110
3649091000006116
4058771000006116
4670141000006116
4670241000006113
4670271000006117
4670411000006110
5090351000006112
5090751000006113
5090761000006110
5090861000006117
5097731000006117
5097741000006110
5097751000006112
5097771000006119
5097781000006116
5097791000006118
5097801000006117
5097811000006119
5396021000006119
5396031000006116
5481481000006114
5481601000006115
5500621000006111
5514951000006115
5559571000006110
5584801000006110
5725871000006112
5726651000006112
5726921000006113
5898811000006119
5898821000006110
5905951000006111
5908881000006116
5989751000006112
6347231000006118
6354651000006117
6354661000006115
6450031000006117
6450041000006110
6450051000006112
6451331000006112
6451341000006119
6451351000006117
6451401000006113
7097231000006111
7097251000006116
7097271000006114
7240171000006117
7316311000006110
7326741000006116
7334001000006113
7636871000006111
7636881000006114
7636891000006112
7854911000006110
13687611000006118
13687621000006114
13687631000006112
13767781000006112
13934121000006120
14512931000006114