377841000006112
299469017
299466012
298137012
473371000006112
217851000006114
13859411000006111
9847071000006119
9847081000006116
298135016
13789971000006117
298090013
6041441000006118
6057241000006114
3463017
178759010
7407911000006117
489121000006115
489131000006117
6027891000006117
4216211000006118
3868891000006115
107798014
4189421000006118
158572010
13992381000006115
13684661000006110
12078971000006112
9847101000006112
6942751000006110
6921131000006111
3766951000006116
2124371000000115
19035016
2674521000006119
313009012
313011015
6937461000006119
313010019
3265291000006115
3530331000006116
3530341000006114
267096014
506730015
267098010
783131000006114
267097017
298076010
298145019
907861000006114
4407071000006117
298128012
6446411000006119
84691000006115
84871000006117
13789961000006112
298126011
298132018
298131013
928811000006119
859791000006115
3390661000006113
853291000006111
1479675015
1771661000006117
859771000006116
5026881000006119
539421000006110
5238611000006115
36608018
298117013
299468013
13989361000006116
13989351000006118
13987371000006117
13987351000006110
5238721000006115
12078931000006114
13948211000006114
9835811000006111
12078901000006118
13948221000006118
298113012
298125010
4180211000006115
6988341000006115
13952661000006114
13952741000006116
126733015
370441000006113
3766941000006118
4772541000006117
4061501000006118
3390671000006118
6873141000006110
3265301000006119
574651000006115
298086011
5026871000006117
4772531000006110
6588781000006116
5327121000006114
518941000006114
313008016
400779012
313035013
3581401000006116
13994681000006117
13994691000006119
13994411000006110
4823481000006116
313033018
2585211000006110
13684671000006115
5327111000006118
5327131000006112
2975871000006118
21000016
313012010
298083015
1232801015
313017016
130863017
267090015
987471000006117
5238561000006118
504155019
73294018
12078961000006117
12078941000006116
12078921000006111
495989015
6020251000006111
747881000006118
630441000006118
4772561000006118
2718751000006110
5980951000006119
2585201000006112
5026991000006112
3723141000006117
3390651000006111
2718741000006113
5980941000006116
659551000006113
3794721000006118
23515018
267085018
2788111000006112
3605971000006111
859701000006110
410918012
7326131000006113
3868901000006116
6220551000006118
31741000006111
2581521000006119
267089012
3131501000006119
251935017
1489323012
251654019
451375018
451374019
460656013
4540301000006111
5974621000006117
8021821000006119
5974591000006119
7559721000006116
399449014
5980971000006112
298092017
455415018
6027841000006114
3633761000006114
6380821000006114
14060301000006116
298091012
267104018
298078011
7288211000006111
772921000006111
3633771000006119
3633741000006110
375171000000114
1541881000006114
771341000006114
913891000006113
6702211000006118
5980961000006117
267088016
267086017
267092011
5026451000006112
6027831000006116
6798351000006111
6027821000006119
3633791000006118
6946931000006119
5304481000006118
7463131000006116
4061521000006111
6438471000006111
5027001000006116
3633781000006116
6027871000006118
4649631000006113
5304441000006112
3644711000006113
2124391000000116
4823501000006114
298084014
751631000006112
853641000006116
853711000006111
5238821000006110
5238861000006116
859741000006112
504156018
5027011000006118
3722261000006118
859721000006117
3633801000006117
4772421000006113
859661000006119
988031000006113
859671000006114
4323501000006111
859731000006119
4772411000006117
3813051000006112
133918015
2512031000006119
3131471000006114
6942771000006117
6049941000006114
699721000006118
5476201000006116
107602013
495988011
281161000006114
298088012
6620601000006118
3373961000006119
89579016
296821000006118
5238661000006117
6206141000006117
298096019
253774010
451394011
253775011
451393017
6919391000006117
6923281000006117
4552811000006117
5974981000006114
5974961000006116
7337881000006118
6946921000006117
567741000000116
21581000006114
5026911000006119
267077010
6458101000006110
298134017
298142016
298144015
313034012
267110018
298087019
298102014
299464010
299465011
313031016
267084019
267103012
267091016
267109011
267117015
5026981000006114
298111014
5437951000006110
3265321000006112
3212311000006111
3868931000006112
6869861000006111
505939016
912751000006119
6041211000006118
6651291000006115
505940019
912761000006117
6041201000006116
3265331000006110
13859421000006115
2472224012
5437941000006113
6057261000006113
5238681000006110
57632013
9918017
7416541000006114
267118013
203611000006117
6027861000006113
859781000006118
6057271000006118
3212321000006115
747871000006116
3212301000006113
157735015
1227665013
2492981000000115
9418421000006114
9418401000006116
2493021000000111
5029351000006112
13994151000006119
8210701000006112
5029361000006114
5029341000006110
6046611000006113
67912012
3212291000006112
3655641000006116
189671000006110
2159947017
2533421012
3933751000006113
182531000006116
3933791000006119
3933771000006115
6020041000006116
6020051000006119
3570181000006119
6020061000006117
174401000006111
4649661000006116
5027021000006114
4649621000006110
165851000006116
853651000006119
853701000006113
13987971000006116
13679781000006115
883311000006115
989061000006112
991741000006111
12048771000006111
4945211000006115
66160017
298103016
394023012
6907641000006111
6041191000006119
6041181000006117
1227680019
6702541000006117
158573017
1232510017
13952651000006112
13952731000006114
81634012
113312017
6882231000006114
313018014
97131000006116
313019018
15277015
298097011
298130014
57359011
298112019
84321000006114
913901000006112
84501000006114
914301000006111
913911000006110
914311000006114
298116016
298079015
298080017
298081018
298133011
298104010
298880018
857711000006116
267099019
859751000006114
4649581000006110
4649591000006113
313014011