732301000000114
737661000000116
3354461000006111
496414017
87704019
14168631000006110
5532991000006113
386731000006116
731541000000114
251193010
496410014
742341000000111
742321000000116
496413011
684221000006112
854791000006116
915641000006116
856211000006111
301351000006117
894671000006119
14168621000006112
13486451000006115
4358321000006117
317068017
295536013
4357951000006114
5008631000006110
496412018
217451000006111
894681000006116
5492061000006116
195091000006116
1963061000006113
1167821000000111
1550161000000112
742301000000113