533341000000119
14232651000006110
527691000006116
7054871000006111
454394012
454402018
454405016
454400014
11998171000006112
4534341000006117
7097901000006110
1216379016
192452016
3281141000006116
398850010
5115831000006114
3281131000006114
293823015
881701000006116
6611941000006113
2642990018
6347381000006110
8035211000006110
7230021000006118
7964861000006119
5128431000006112
14232701000006116
356800016
5116221000006117
356878012
794161000006118
1773186016
666301000006115
5117001000006119
5116961000006119
6687941000006116
5117061000006118
6687861000006113
6687901000006118
6596631000006112
6687951000006119
5500501000006119
5116191000006112
5116271000006116
3055881000006119
2743431000006112
5117171000006114
5867281000006112
6611881000006114
3053091000006112
794151000006115
6594651000006110
5116291000006115
794171000006113
794181000006111
5117131000006111
356886012
794201000006112
794211000006110
14308981000006113
14309001000006111
6347391000006113
2716221000006111
293303011
7360751000006114
6858001000006115
14308971000006110
14308991000006111
3406791000006119
5117021000006112
5117031000006110
293259016
475418015
13526571000006112
2716211000006115
398868013
5500511000006116
293299018
8036201000006119
2469357012
1877381000006114
8043321000006114
8043301000006116
458871013
293262018
3406761000006110
3517028015
5575101000006110
444854010
5912411000006113
4759641000006114
788841000006119
293307012
3496541000006116
3496511000006115
3496521000006111
5117321000006110
14233001000006114
6596691000006111
12353501000006117
1675961000000112
1675891000000112
460116012
840781000006113
1591761000006115
533641000000111
1591691000006116
1591751000006117
557061000000112
8214761000006118
557071000000117
534501000000112
557081000000115
534301000000115
1675631000000110
1675011000000111
1675461000000115
12680511000006110
1788141000006110
216555011
4061051000006113
4950911000006117
742751000006118
259215011
259265019
250451013
240871000006110
1739211000000111
7301411000006114
735661000006117
4950941000006118
734191000006118
4428121000006110
398856016
7966571000006116
7969211000006115
7966561000006111
5500491000006110
293821018
293267012
918351000006118
2159169011
14232751000006117
3528361015
356867016
5116951000006116
5117241000006110
5117271000006119
5116901000006115
5116911000006117
5117091000006114
2241371000000117
1946711000006113
293270011
398852019
5500431000006111
398855017
5500451000006116
12619211000006117
6515871000006116
1484916015
284058012
5117281000006116
5117071000006113
6669241000006116
285157012
285156015
259229012
259230019
259212014
259258010
26027016
1233200015
4950921000006113
3729241000006112
3636311000006119
1784926017
55851000006118