1409014
35171019
47076011
54939014
64282015
74720014
81307015
86957016
98667016
108730018
109700019
110659019
114310015
117168016
118218017
143003017
205225016
251923016
251956015
251957012
261136015
272320011
272325018
272326017
272327014
272389014
278832011
278835013
278844014
282526013
284213011
290737016
292495016
292496015
293394013
293396010
293400010
293759015
299665018
299673010
299675015
303825013
303826014
303832016
303833014
303834015
303838017
303839013
303842019
303843012
303844018
303845017
303846016
303847013
303848015
303849011
303853013
303854019
303855018
303863017
303864011
303867016
303868014
303869018
303870017
303874014
303875010
303876011
303877019
303878012
303881019
303884010
303894017
303902013
303903015
303905010
303906011
303907019
303934016
303938018
303939014
303967017
303977015
303986013
304001012
304004016
304005015
304011017
304013019
304054010
304056012
304058013
305158015
305162014
305166012
305172012
305178011
305192017
314299019
314300010
324787014
324973015
325101011
325106018
329081019
329116017
335619013
349998013
353974015
354316011
354317019
354320010
354340015
354346014
354347017
354348010
354349019
354352010
354363013
354364019
354379014
354380012
354409011
354417015
354508018
354509014
354514013
354518011
354520014
354591016
354610013
354612017
354613010
354614016
354615015
354616019
354617011
354618018
354619014
354621016
354623018
354624012
354627017
354628010
354632016
357219012
359372019
394640016
395753015
396706011
396707019
402249011
413415016
422992018
453312018
460644012
460680012
460910019
460911015
460912010
460913017
460914011
461420012
501594013
507483018
507993019
509108014
509111010
1227722017
1227723010
1230030015
1780311019
2478488018
2478492013
2645965011
2674486017
2675886019
2692168016
2767154014
2767383018
2767384012
2767385013
2771041011
2773184015
3515025016
3525746015
3525758015
3525759011
3528307018
3528309015
3636267017
56641000006114
77541000006113
79191000006119
81251000006113
81261000006110
81581000006119
83331000006110
84371000006110
84431000006117
84551000006113
84611000006113
84741000006118
84801000006111
84921000006110
84981000006114
90461000006118
90471000006113
106291000006118
127091000006118
165061000006114
176321000006119
176331000006116
176341000006114
176711000006111
177251000006119
177301000006114
177311000006112
177321000006116
177341000006111
181021000006119
183201000006117
189131000006116
189141000006114
189151000006111
189171000006118
189181000006115
191851000006116
191861000006119
191881000006112
191891000006110
191901000006114
215521000000116
228101000006113
228111000006111
228121000006115
228131000006117
228211000006117
228221000006113
228231000006111
280531000006119
304031000000117
304051000000112
304071000000115
304091000000116
304111000000114
366671000000118
372621000000114
375841000000114
380061000000118
380101000000116
384641000006114
386181000000111
387441000006119
387911000000115
388141000006111
388161000006110
388171000006115
388181000006117
388191000006119
388201000006116
388211000006118
388791000006118
394551000006114
394561000006111
394661000006112
399381000000115
399791000006112
406821000000110
407481000000111
408261000000119
408281000000111
408301000000112
408321000000115
408341000000110
408381000000119
424741000006118
424751000006116
424761000006119
424771000006114
424781000006112
424791000006110
424801000006111
424811000006114
429141000006118
429641000006113
430091000006117
430101000006111
430591000006111
430601000006115
441151000006115
446291000006111
478131000006115
500371000006119
526441000000118
553181000006118
553201000006117
554481000006111
555191000006119
555201000006116
555371000006118
555381000006115
555391000006117
556211000006112
557811000000119
557831000000110
587521000006111
595541000000119
595601000000118
595661000000119
595721000000116
595811000000117
595871000000110
595931000000116
595991000000115
596051000000115
596131000000114
596191000000110
596261000000111
596321000000110
596401000000111
615611000006116
616461000006112
616551000006111
616661000006114
618391000000118
618401000000115
618411000000118
618421000000112
618431000000114
618441000000117
618451000000119
618461000000116
618471000000111
618481000000113
618491000000110
618501000000116
618511000000119
618521000000113
619541000006116
631331000006114
637771000000113
638111000000115
641471000006117
641491000006116
663551000006118
677461000006115
677471000006110
677481000006113
677561000006119
677621000006112
677941000006114
677951000006111
677971000006118
677981000006115
678061000006111
678081000006118
678091000006115
703451000006112
703481000006116
704871000006119
710221000006113
710491000006114
712841000006115
713611000006110
713671000006118
715441000006113
719571000006115
736981000006111
739121000006119
741701000006114
742231000006118
742241000006111
745481000006111
754061000006111
754781000006116
763111000006117
766101000006114
771391000006117
771501000006119
773041000006111
789941000006117
803321000006112
821471000006111
866731000006115
866751000006110
877641000006113
881481000006117
884131000006114
886621000006112
900121000006113
906351000006116
913441000006119
913451000006117
913461000006115
913831000006114
913841000006116
913851000006119
914031000006118
914041000006111
914261000006119
914271000006114
928461000006119
928471000006114
928491000006110
928541000006117
928551000006115
928561000006118
928571000006113
988961000006115
994391000006115
994421000006111
994441000006116
999981000006116
999991000006118
1000001000006114
1549841000006116
1550021000006110
1705621000000113
1743241000006119
1825111000006112
1847091000006110
1847111000006118
1848741000006116
1850891000006119
1870801000006111
1905531000006112
1927751000006113
1940501000006119
1940511000006116
1940521000006112
1940531000006110
1940541000006117
1940551000006115
1940561000006118
1940571000006113
1940581000006111
1940591000006114
1940601000006118
1940611000006115
1940621000006111
1940631000006114
1940641000006116
1940651000006119
1940661000006117
1940671000006112
2115881000000117
2117811000000117
2189151000000117
2191221000000118
2195121000000113
2195661000000114
2195721000000112
2197961000000113
2198001000000111
2198141000000110
2209021000000112
2209101000000119
2210341000000113
2210381000000117
2211311000000117
2211591000000116
2211671000000119
2214081000000112
2232261000000110
2234541000000115
2234621000000111
2237821000000118
2237861000000114
2237901000000119
2237941000000116
2237981000000112
2238021000000114
2238261000000112
2238301000000119
2238341000000116
2238381000000112
2238421000000115
2240321000000114
2240741000000115
2240831000000118
2240871000000116
2240911000000119
2240951000000115
2240991000000111
2241031000000116
2253631000000110
2253671000000112
2404491000000115
2568731000006118
2613841000000113
2613881000000117
2649061000006115
2672571000006112
2693841000006117
3097031000006111
3119661000006114
3222311000006119
3222321000006110
3222351000006118
3222361000006116
3222371000006111
3222391000006112
3222411000006112
3245841000006115
3245851000006118
3245861000006116
3245871000006111
3245881000006114
3296351000006114
3347091000006118
3489751000006115
3489771000006113
3489791000006114
3489801000006110
3605671000006116
3647021000006114
3647031000006112
3647051000006117
3647061000006115
3647091000006111
3798201000006112
3798211000006110
3806561000006111
3902031000006117
3918321000006116
3973811000006118
3973841000006119
3974161000006112
3974181000006119
3974191000006116
3974211000006115
4611391000006114
4668951000006113
4669451000006113
4694051000006116
4717161000006116
4760071000006110
4788491000006115
4788721000006110
5052661000006111
5053041000006110
5093351000006116
5093381000006112
5093391000006110
5093551000006112
5093721000006112
5094141000006118
5094161000006119
5094171000006114
5095031000006114
5095121000006112
5095181000006111
5095591000006119
5095881000006119
5095891000006116
5095941000006115
5095971000006111
5096031000006117
5096141000006114
5096231000006110
5120121000006119
5120131000006116
5120141000006114
5120171000006118
5120251000006115
5140041000006113
5481301000006114
5488801000006112
5907551000006114
5907591000006115
6024541000006117
6447741000006114
6447761000006113
6447771000006118
6613531000006114
6724211000006116
7043231000006112
7054551000006115
7083771000006113
7085691000006115
7103511000006119
7133981000006111
7145851000006114
7147741000006114
7147761000006113
7147781000006115
7164601000006118
7171111000006119
7174791000006111
7174851000006111
7207581000006116
7218201000006110
7262731000006112
7272711000006110
7357271000006118
7507461000006117
7507471000006112
7598001000006110
7613941000006113
7641781000006113
7643311000006115
7710041000006114
7714891000006118
7714921000006112
7723851000006119
7770921000006110
7966611000006114
7966641000006113
7966691000006116
7966761000006115
7966791000006111
8006221000006115
8014771000006115
8027391000006115
8027411000006115
8027451000006119
8027491000006113
8027521000006110
8030421000006114
8030431000006112
8030441000006119
8030451000006117
8036941000006111
8040661000006119
8040671000006114
8040681000006112
8040691000006110
8048421000006113
8077141000006113
8087071000006112
8104231000006115
8104261000006112
8104301000006115
8104381000006112
8104451000006111
8104481000006115
8104511000006111
8104551000006112
8117051000006114
8218841000006117
8219121000006112
8345931000006110
8346001000006110
8346021000006117
8346041000006112
9681361000006120
12704471000006116
12704531000006116
12717111000006110
13791991000006116
14067581000006118
14083781000006116
14083811000006118
14083901000006110
14084021000006120
14084041000006114
14085781000006120
14174321000006116