43401012
53913017
53918014
69710017
123869011
129661016
294293010
294297011
294326011
294327019
294328012
294375012
294376013
294383018
294384012
294385013
294389019
294614011
351315014
351323011
399233010
399234016
399235015
399236019
444860010
473369018
478723018
483814018
485078010
495497019
503763019
1227080015
1490557013
53821000006111
100341000006117
611001000006113
611011000006111
611021000006115
611031000006117
611041000006110
611051000006112
649701000006117
758831000006117
786601000006116
786681000006113
788001000006114
814041000006118
814051000006116
814061000006119
852891000006118
1887321000006117
2545031000006118
2693421000006110
2708981000006115
2709021000006110
2795111000006116
2806421000006111
2806431000006114
2916401000006111
2916421000006118
2954081000006114
2957881000006112
3019681000006111
3019701000006114
3081251000006115
3081261000006118
3099051000006114
3173201000006118
3259381000006115
3259401000006115
3305521000006113
3499931000006111
3712191000006112
3724901000006119
3746561000006115
3746581000006113
3770791000006119
3770811000006115
5064761000006118
5064771000006113
5064791000006114
5064801000006110
5067381000006118
5904291000006111
12059961000006112
12704301000006118
14319221000006112
14463831000006116
14493551000006110
14500121000006112