9313016
46670010
46671014
47191011
60214017
62986012
77703015
98239015
103118017
105498014
122915018
142607010
208366019
251954017
251955016
256487010
256494013
256496010
256500012
256501011
256541019
271220012
271221011
271222016
271224015
271226018
271231016
271232011
271233018
271240017
271241018
271242013
271244014
271245010
271246011
271247019
271248012
271249016
300073018
300074012
300078010
300079019
300080016
300081017
300084013
300086010
300087018
300088011
300090012
300096018
300099013
300100017
300103015
300163018
300164012
300918018
300919014
300920015
300921016
313400018
313403016
324806014
350471015
394287018
405111010
452909018
454179019
459175010
460679014
460873013
1231273012
1231921018
1780180018
2576982014
3636239014
162981000006110
162991000006113
163011000006112
181911000006111
218471000000114
223971000000115
369901000000112
375431000000115
375451000000110
381061000000111
381161000000112
385181000000117
498091000006111
581261000006110
583181000006114
634591000006119
634961000006116
634991000006112
635001000006117
635011000006119
635591000006118
635611000006112
699951000006113
719101000006119
744671000000115
783321000006113
783771000006113
783791000006114
783861000006111
865371000006110
865381000006113
865391000006111
865401000006113
865411000006111
865421000006115
865431000006117
865441000006110
865461000006114
865471000006119
865481000006116
865491000006118
865501000006114
865531000006118
884341000006118
884351000006116
899981000006113
905431000006113
932921000006118
932971000006117
932981000006119
932991000006116
933001000006115
933011000006117
987601000006113
987861000006110
1547481000006119
1547491000006116
1547601000006113
1689021000000114
1738951000006119
1738961000006117
1738971000006112
1738981000006110
1738991000006113
1739001000006113
1765921000006112
1765931000006110
1994381000006118
2554961000006112
2554971000006117
2571471000006114
2598501000006117
2601471000006110
2601481000006113
2644691000006117
2664911000006111
2723471000006113
2723481000006111
2723491000006114
2766311000006111
2784801000006113
2882831000006114
2903711000006110
2947481000006112
2947491000006110
2947501000006119
2947511000006116
2952431000006111
2994281000006112
2994291000006110
3022291000006112
3027601000006117
3043551000006114
3108031000006117
3108041000006110
3111951000006117
3115271000006119
3120921000006114
3248381000006114
3376151000006110
3376161000006112
3376171000006117
3400391000006116
3456251000006111
3456271000006118
3460401000006115
3490891000006114
3522151000006112
3522161000006114
3522171000006119
3532231000006113
3584871000006114
3617181000006119
3617191000006116
3647741000006116
3648031000006113
3757461000006116
3759961000006115
3759971000006110
3821081000006111
4304571000006111
4304581000006114
4586841000006112
4586861000006111
4586931000006112
4586951000006117
4587041000006118
4587091000006110
4665751000006115
4777321000006117
4824961000006118
5009711000006116
5024091000006117
5034871000006111
5034881000006114
5046911000006116
5046921000006112
5046941000006117
5046951000006115
5046961000006118
5046971000006113
5047691000006115
5057151000006117
5057361000006117
5057381000006110
5057391000006113
5057401000006110
5061541000006112
5061561000006111
5061571000006116
5061581000006118
5061591000006115
5061611000006114
5061621000006118
5061631000006115
5061701000006116
5295561000006115
5295641000006118
5295671000006114
5295681000006112
5296231000006115
5297471000006116
5297531000006115
5517141000006112
5574161000006110
5574171000006115
5583401000006110
5652991000006115
5678641000006115
5723531000006112
5723541000006119
5726521000006119
5726531000006116
5923261000006112
5966441000006112
6210281000006115
6210311000006118
6427031000006115
6427041000006113
6789711000006116
6999291000006110
6999301000006111
7035411000006117
7053811000006116
7055191000006115
7067481000006114
7147501000006118
7150371000006116
7150381000006118
7152701000006112
7158331000006117
7158341000006110
7276161000006110
7282531000006116
7289241000006117
7294621000006111
7306091000006118
7350591000006118
7352051000006117
7361291000006116
7369301000006119
7369311000006116
7483671000006112
7506521000006113
7517461000006119
7517491000006110
7543331000006118
7567891000006111
7570131000006114
7594211000006112
7594221000006116
7605371000006119
7605381000006116
7684121000006117
7703941000006118
7703971000006114
8032011000006110
8037481000006112
8080141000006116
8426491000006118
11929111000006118
11929121000006114
12002921000006118
12457841000006116
13791671000006112
14467671000006112
14504911000006112