3268012
3269016
5777016
9771010
10290013
13062015
13148012
13341010
13343013
15166017
17316019
17317011
17318018
18184019
20154010
22114016
22613011
23643015
25281016
27586014
27588010
27933019
28030016
28815012
28816013
29949011
29950011
31287015
32117016
35209010
36882018
41587017
46258015
50085019
50663014
50664015
50693015
50694014
60777016
63214016
63468011
64724016
66470013
68472012
69611010
72376017
75422012
75863013
80189019
81307015
81644014
84828019
88663019
89369017
91381019
92158013
92274014
92662018
93313017
99303016
102746015
102980010
103185010
106259013
110447013
113349011
120034011
120221015
123842010
127701015
128627011
129847011
129848018
131704013
133392011
135999014
136110016
136111017
136116010
136773016
137888010
138208019
143042017
143123019
143463011
143464017
149796015
184060010
266010011
266011010
270779017
270780019
270787016
270788014
270789018
271327012
271328019
271330017
271331018
271332013
271333015
271334014
273199018
273200015
273203018
273205013
273206014
273213014
273214015
289223017
289234019
303842019
303843012
304415019
304416018
305222017
312742010
312743017
312744011
312745012
312746013
312759017
312760010
312761014
312762019
312763012
312767013
312768015
312773014
312774015
312775019
312777010
312778017
312779013
312784019
312785018
312786017
312788016
312789012
312792011
312794012
312798010
312799019
312800015
312801016
312802011
312803018
312804012
312805013
312806014
312807017
312808010
312809019
312810012
312811011
312813014
312814015
312815019
312816018
312817010
312819013
312820019
312829018
312830011
312831010
312832015
312833013
312834019
312835018
312838016
312839012
312852019
313273015
313277019
313278012
313279016
313280018
313282014
313293011
313294017
313296015
313301015
313302010
313317014
313320018
313322014
313323016
313327015
313329017
313331014
313332019
313336016
313342017
313343010
313344016
313349014
313351013
313352018
313353011
313355016
313356015
313360017
313362013
313364014
313365010
313368012
313369016
313373018
313374012
313375013
313377017
313378010
313381017
313382012
313386010
313387018
313388011
313396018
313397010
313398017
313411014
313418015
313423015
313424014
313425010
313426011
313427019
313428012
313429016
313435016
313439010
313440012
313442016
313443014
313444015
313448017
313450013
313454016
313458018
313460016
313469015
313472010
313473017
313475012
313485013
313486014
313491010
313492015
313505013
313506014
313507017
313508010
313509019
313510012
313511011
313512016
313513014
313514015
313515019
313524011
313525012
313530011
313836013
313839018
314032018
314033011
314034017
314035016
314052017
314164011
314174014
314250018
314251019
314252014
314258013
314264018
314267013
314270012
314271011
314272016
314273014
314274015
314275019
314299019
314300010
314329012
314338014
314396011
315547010
315548017
315641017
315657017
315680013
315681012
315682017
315686019
315687011
315688018
315690017
315691018
315698012
315700015
315727016
315729018
315753012
316833010
349252017
354294011
354295012
354343018
354434011
354435012
354486019
355549012
361057012
376994017
376995016
376996015
377001012
377002017
377003010
377169013
377170014
377171013
377172018
377194014
377218015
377219011
377247010
377267018
377305014
377306010
377307018
377308011
377498018
377499014
377524013
377550012
377638013
377639017
377722014
377723016
377724010
377727015
377728013
377731014
377798017
377932011
377933018
377949016
377957018
377958011
377970010
378493013
378494019
400758012
400759016
400760014
400761013
400762018
400763011
400764017
400796013
400797016
400798014
400799018
400800019
400801015
400802010
400803017
400804011
400805012
400806013
400807016
400812015
400840013
400843010
400854017
400855016
400862013
400869016
402249011
405146019
405154017
406233012
411386017
423112012
452187019
454284017
454285016
457318018
475351013
475352018
476311019
478039018
479039014
483059013
483917014
493453016
494775013
495353017
505081012
505254018
507003013
510302016
512130019
1224878018
1226060014
1228441015
1229817017
1232445010
1233859018
1234349019
1234352010
1235125018
1235697018
1493814014
1495356017
1785563011
2162235017
2162370018
2162371019
2475972010
2478440016
2478726018
2478795011
2478825010
2534752017
2535810014
2645983015
2675832010
2899653018
2900005013
3029742016
3528307018
3528309015
3636249012
3637280011
3637282015
3637300010
3637305017
11131000006110
37611000006112
37921000006114
40341000006116
40351000006119
65931000006114
78661000006114
80881000006114
88351000006114
88361000006111
88371000006116
88381000006118
96991000006117
109391000006119
114171000006116
116861000006111
126241000006115
126311000006111
126391000006118
134741000006119
134831000006116
176311000006110
193441000006115
193971000006119
195181000006118
196761000006117
212651000006111
215361000000117
220271000000116
220281000000119
220291000000117
221761000006117
221871000000110
221941000000113
221971000000119
222121000000113
229601000006112
229851000006112
229861000006114
238611000006116
238661000006118
247141000006114
250411000006119
371601000006119
375271000000119
377121000000116
407821000006118
408041000006117
439931000006111
465591000000118
465721000000114
465781000000110
488481000006118
497741000006115
511401000006113
511611000006113
511801000000116
512151000006112
523271000006112
524721000006115
570261000006114
571261000006119
574801000006118
574811000006115
574911000006110
579231000006112
580471000006114
580501000006119
580701000006113
581341000006116
582721000006116
583621000006115
583661000006114
583691000006118
584801000006111
585311000006117
588111000006110
588751000006110
588991000006119
595691000006118
595701000006118
596061000006112
596071000006117
596081000006119
596141000006112
607741000006116
628281000006114
632371000006119
637121000000110
641441000006113
641961000006119
641971000006114
652181000006117
660151000006116
703481000006116
710221000006113
730661000006110
734461000006118
741991000000112
745331000006115
748971000006111
752431000006116
755691000006114
768541000006118
773321000006118
787901000006111
788611000006119
788771000006118
801451000006114
818401000006115
827091000006113
850841000006111
868701000006112
868711000006110
868721000006119
868731000006116
868741000006114
892781000006115
892791000006117
892881000006113
892891000006111
892911000006113
892921000006117
892941000006112
893121000006113
893221000006115
893481000006117
903701000006111
968201000006114
1175191000000116
1546231000006116
1546241000006114
1546281000006115
1546441000006110
1587361000006112
1847541000006113
1847891000006118
1848371000006113
1908831000006118
1922491000006113
1927661000006118
2132891000000115
2540071000006110
2544081000006116
2616351000006116
2619021000006117
2637671000006112
2673881000006115
2684861000006115
2685721000006115
2709701000006119
2709711000006116
2714411000006111
2714421000006115
2724601000006115
2739271000006114
2758371000006113
2770281000006118
2802381000006117
2803051000006118
2803061000006116
2833201000006116
2867731000006118
2918401000006110
2918441000006112
2943361000006119
2959001000006118
2960391000006112
2962391000006111
2962421000006115
2962431000006117
2981761000006110
2981781000006117
2981791000006119
2987731000006110
3026091000006117
3081991000006119
3161031000006112
3161041000006119
3161051000006117
3161061000006115
3175111000006113
3175121000006117
3176351000006115
3176411000006114
3183581000006119
3190661000006115
3190671000006110
3190691000006111
3234161000006110
3234311000006110
3263061000006119
3263081000006112
3263091000006110
3285001000006119
3339391000006110
3371801000006113
3371811000006111
3387271000006115
3387281000006117
3392141000006118
3401831000006116
3411651000006112
3468611000006118
3506861000006112
3506871000006117
3508651000006113
3513101000006111
3524871000006115
3528631000006110
3559251000006111
3594351000006110
3610141000006114
3610161000006113
3640351000006119
3641311000006110
3641321000006119
3648291000006116
3649221000006110
3703631000006112
3706511000006111
3711921000006115
3711931000006117
3711941000006110
3711951000006112
3725681000006119
3726161000006114
3750591000006112
3760671000006116
3760691000006115
3776871000006114
3776881000006112
3790911000006117
3790971000006114
3791981000006115
3807401000006112
3807421000006119
3807431000006116
3819231000006112
3826471000006110
3834451000006113
3846471000006113
3847441000006119
3847451000006117
3852711000006112
3852721000006116
3856031000006116
3863421000006112
3863451000006115
3902341000006112
3902361000006111
3903241000006114
3973481000006111
4013611000006117
4014091000006115
4014291000006111
4019101000006113
4019121000006115
4019131000006117
4019741000006114
4042731000006119
4042761000006111
4042771000006116
4053821000006115
4164051000006118
4164071000006111
4164891000006115
4194021000006112
4194041000006117
4194091000006114
4194101000006115
4349281000006118
4640871000006117
4663891000006119
4663901000006115
4663911000006117
4665971000006110
4666011000006110
4672641000006110
4790561000006111
4822661000006115
4824331000006114
4824341000006116
4824431000006119
4824441000006112
4824451000006114
4824461000006111
4824471000006116
4824501000006111
4824521000006118
4824531000006115
4824551000006110
4824781000006114
4824801000006113
4824811000006111
4824821000006115
4824831000006117
4824861000006114
4824871000006119
4824881000006116
4825241000006110
4827071000006117
4827421000006114
4827441000006119
4827661000006118
4830941000006112
4910451000006118
5046011000006117
5056661000006110
5095461000006114
5294061000006112
5327641000006114
5327651000006111
5327681000006115
5327781000006114
5327801000006113
5327821000006115
5327831000006117
5328141000006115
5328371000006113
5328451000006110
5328521000006119
5328931000006111
5328951000006116
5328981000006112
5329031000006119
5329231000006112
5329241000006119
5329321000006119
5329461000006119
5329471000006114
5329481000006112
5329491000006110
5329511000006116
5329691000006113
5330291000006116
5330581000006116
5330731000006110
5330891000006115
5330901000006116
5331101000006111
5331151000006110
5331161000006112
5331171000006117
5331211000006115
5331301000006114
5331381000006117
5331441000006115
5331461000006116
5331501000006116
5331511000006118
5331651000006116
5331661000006119
5331691000006110
5331951000006112
5331971000006119
5331991000006118
5332051000006117
5332141000006115
5332221000006117
5332341000006117
5332911000006117
5333141000006112
5333171000006116
5333301000006113
5333311000006111
5333451000006117
5333531000006111
5333651000006115
5333731000006118
5333801000006118
5335051000006114
5335271000006110
5335281000006113
5335341000006114
5335351000006111
5335601000006118
5339911000006112
5489261000006118
5503471000006117
5503641000006110
5503711000006115
5517361000006114
5526281000006117
5980981000006110
6348371000006113
6382931000006115
6526951000006118
6862021000006116
7283751000006113
7301671000006119
7301681000006116
7303961000006115
7306461000006117
7308101000006113
7316021000006117
7337571000006119
7345791000006116
7349161000006111
7350151000006119
7360241000006116
7371441000006117
7372641000006112
7376911000006118
7397441000006116
7519871000006119
7559691000006114
7623321000006113
7810331000006116
7831481000006110
7831501000006117
7842741000006116
7955161000006118
7958391000006116
8016701000006119
8035301000006116
8228121000006110
8234361000006112
11776841000006112
11776861000006112
12075111000006112
12126011000006114
12321891000006112
12491241000006118
13971331000006116
13971361000006112
14128271000006116