4786331000006110
92298019
473521000006118
138657011
1729351000006111
7159921000006114
353853017
1726521000006115
484894013
303163019
3849221000006117
7361411000006110
2733891000006114
313966017
2162207016
25076018
303161017
3068901000006117
590101000006113
7240101000006111
590111000006111
4786201000006110
3213871000006115
3436231000006115
7275421000006117
6028331000006114
410939017
5568681000006114
3737151000006111
5079171000006117
5079191000006116
292021000006112
4943851000006116
1779381000000111
886331000006117
6442031000006115
493967017
3596741000006115
3219661000006112
14438511000006112
4546591000006110
3949171000006117
3219711000006118
5273521000006118
991291000006112
3219701000006116
3596751000006118
2968861000006110
4786191000006112
4826581000006110
313957016
313960011
313967014
400834018
400835017
303194019
3219691000006116
3219681000006119
3219671000006117
303768016
303092017
784141000006118
303091012
5272761000006114
2791650019
5086181000006116
313958014
492441012
5935191000006111
2519811000006114
6028301000006118
2519821000006118
270035013
303199012
3047271000006112
1490710014
303198016
3047231000006114
3047261000006117
676541000006116
303774016
7171761000006117
7703621000006115
7703631000006117
255196012
303165014
3007471000006119
3007461000006114
4546581000006112
3007481000006116
198521000006118
2936791000006115
7821171000006115
4785921000006119
5085991000006113
3518581000006119
295382018
199373016
303196017
303195018
303197014
3068881000006119
196858012
196858012
410938013
8042951000006113