9337016
19421011
27096010
55602016
87480013
105519017
113497011
123588010
139979010
216596014
285100019
285104011
301127010
301444018
301448015
301450011
301451010
301453013
301455018
301456017
301457014
301458016
301459012
301460019
301463017
301464011
301468014
301469018
301470017
301477019
301539010
301545019
301572010
301835010
301836011
396108018
396109014
396110016
405080018
424365019
457168017
457169013
457171013
458838014
475431013
492443010
506053014
508561017
508562012
1222334016
1222335015
1230190015
1484924013
1484971019
1488423019
1488424013
1488856013
1780380013
1780381012
2160051010
3011135010
139131000000117
139141000000114
161781000006116
183191000006115
189761000000117
198471000000111
199481000000116
299001000000116
299031000000110
405121000000111
457581000006111
516801000000112
553211000006119
555461000006119
555471000006114
640491000006111
839001000006111
845451000006118
885281000006118
885301000006119
885311000006116
909711000006111
931451000006113
966841000006111
967531000006119
967571000006116
967581000006118
977891000006112
977901000006111
977911000006114
990641000006110
990651000006112
998281000006115
1562071000006119
1573111000000115
1683181000000112
1683221000000119
1704521000006118
1704531000006115
1704541000006113
1704571000006117
1704581000006119
1765681000000110
1771441000006118
1783891000006115
1784371000006111
1785171000006113
1811661000006110
1811741000006117
1813871000006117
1813881000006119
1823851000006119
1856571000006116
1856591000006115
1877361000006116
1882421000006113
1882431000006111
1882441000006118
1882451000006116
1885981000006112
1904861000006117
2009451000006113
2009501000006110
2009511000006113
2010061000006113
2152091000000112
2199261000000110
2219551000000113
2219861000000114
2240631000000119
2408831000000112
2545391000006116
2578881000006118
2716231000006114
2716241000006116
2716261000006117
2716271000006112
2716291000006113
2716301000006114
2716321000006116
2716341000006111
2767421000006111
2882311000006111
3013801000006116
3013821000006114
3228301000006115
3228331000006111
3274861000006119
3437401000006110
3589231000006114
3611791000006110
3650871000006116
3764021000006117
3873191000006110
3921361000006112
3955621000006112
4510801000006114
4733021000006111
4733031000006114
4781421000006111
4781431000006114
4781461000006117
4781471000006112
5054271000006111
5054291000006112
5054301000006113
5054311000006111
6763251000006114
7049011000006110
7627141000006111
7627151000006113
8033221000006118
8034781000006113
8058301000006110
8090191000006114
8214721000006112
8219501000006114
8231811000006116
8235101000006114
8235131000006118
8249051000006111
8260631000006112
8287171000006115
8288261000006119
8294561000006110
8294651000006114
8439091000006119
8439171000006119
8439851000006117
8439871000006110
8439881000006113
11928221000006112
11932331000006116
11932341000006112
11932351000006110
11932361000006112
12623621000006118
12626281000006112
12734311000006114
13651461000006116
13936791000006112
13943951000006114
14161371000006110
14161381000006112
14505011000006112