4031011
4032016
7844010
7845011
7847015
32122016
36036010
37443015
59952018
89332015
94884017
98087016
109915012
109916013
116992017
144819018
208365015
251679016
256451015
256452010
256455012
256457016
256458014
256459018
256460011
256526019
256747018
256748011
262247015
264492012
264493019
264494013
264495014
264496010
264497018
264500012
271073015
271074014
271075010
271079016
271080018
271081019
271082014
271083016
271084010
271086012
271087015
271088013
271089017
271092018
271093011
271094017
271095016
271096015
271097012
271098019
271099010
271100019
271101015
271102010
271103017
271104011
271105012
271112015
271113013
271114019
271115018
271126012
271128013
271129017
271132019
271135017
271148018
271162013
271165010
271166011
271167019
271168012
271169016
271170015
271171016
272107018
272117011
272295013
299707016
299708014
299709018
299710011
299711010
299712015
299714019
299718016
299719012
299720018
299721019
299723016
299741012
299742017
299745015
299750014
299757012
299758019
299763015
299765010
299776014
299782012
299783019
299796018
299800012
299804015
299805019
299808017
299811016
299812011
299813018
299834013
299835014
300874013
300876010
300879015
300881018
300882013
324808010
338974012
348644016
350346019
350348018
350350014
350354017
350376014
394286010
405092018
411159010
411160017
442204010
447324018
450322013
451132018
451369010
451370011
451372015
451425016
453269016
455422014
455423016
456362017
458410010
459487012
459488019
459859010
460133017
460686018
484402013
494260016
494261017
494438016
498328016
1218860015
1221061012
1221554018
1227364015
1228282017
1229885017
1234005010
1234306015
1235225010
1484833014
1488382011
1488440011
1780444014
1780445010
1780446011
1780447019
1780491019
1780501013
1785743019
1786197015
1786198013
2160096015
2474304012
2534664018
2534674015
2535176014
2535177017
2535824013
2536354015
2536393012
2536395017
2537480011
2537483013
2619484018
2675882017
3525945011
3525968019
3525970011
3526080018
36861000006113
39111000006114
67081000006119
72571000006115
89711000006118
89731000006112
100681000006116
118831000006118
138951000000119
138961000000116
142431000006114
158081000000111
158601000006116
158611000006118
159001000006119
161451000006116
161481000006112
161491000006110
212061000006119
212071000006114
212081000006112
212091000006110
216351000006118
219521000000119
219531000000117
230021000006115
238561000006119
238571000006114
238641000006117
238821000006111
311461000000116
354901000000117
362461000006119
394541000006112
406961000000113
455641000006112
455651000006114
457531000006110
460681000006116
482811000006113
482941000006119
482961000006115
498031000006112
537751000006115
543291000006110
585631000000113
589721000006114
595731000006114
616081000006113
627951000006112
628021000006118
628031000006115
634751000006116
635311000006117
635441000006114
635451000006111
635641000006111
682481000006118
810811000006116
810821000006112
813961000006116
854491000006113
855991000006115
856011000006116
856511000006113
865181000006111
865191000006114
865201000006112
865211000006110
865221000006119
865231000006116
865251000006111
865261000006113
865281000006115
865291000006117
865301000006116
865311000006118
865321000006114
884141000006116
884151000006119
884161000006117
884171000006112
900001000006119
905351000006113
905361000006110
905381000006117
908791000006113
931961000006117
933021000006113
960181000006111
967931000006114
987711000006115
987721000006111
1547311000006116
1547631000006117
1547641000006110
1547651000006112
1547661000006114
1547671000006119
1547681000006116
1547691000006118
1548361000006119
1550991000000116
1654891000000110
1738171000006114
1823891000006113
1895641000006114
2115181000000110
2515471000006117
2571561000006118
2609111000000119
2664231000006114
2676611000006115
2676621000006111
2676631000006114
2676641000006116
2724981000006116
2729671000000118
2771011000006114
2855301000006112
2855341000006114
2855351000006111
2918341000006116
2980331000006110
2980341000006117
3024781000006112
3095621000006113
3139031000006115
3166141000006114
3166201000006119
3191111000006116
3371361000006117
3371381000006110
3371411000006113
3371421000006117
3381601000006117
3427201000006111
3452181000006112
3458791000006114
3459561000006119
3473281000006114
3494951000006115
3499001000006116
3536581000006113
3536601000006115
3551171000006114
3565871000006113
3576371000006117
3586341000006115
3600701000006114
3614141000006115
3641641000006116
3699921000006110
3745741000006117
3842391000006115
3883421000006114
3886751000006118
3919991000006112
3920001000006119
3920011000006116
3920021000006112
3951991000006119
4005601000006116
4317901000006119
4317911000006116
4354131000006110
4354151000006115
4586111000006115
4586131000006114
4589101000006114
4775931000006111
4775971000006114
4775981000006112
4776001000006111
4776021000006118
4776031000006115
4776051000006110
4776071000006117
4776081000006119
4776121000006117
4776141000006112
4776171000006116
5040091000006112
5040101000006118
5040111000006115
5040141000006116
5040151000006119
5040161000006117
5040171000006112
5040181000006110
5040191000006113
5040201000006111
5040211000006114
5040221000006118
5040231000006115
5040241000006113
5040251000006110
5040281000006119
5056201000006111
5056261000006112
5056301000006115
5056311000006117
5056331000006111
5056411000006110
5056421000006119
5056431000006116
5056441000006114
5056461000006113
5056471000006118
5056501000006113
5056941000006119
5058231000006119
5294511000006117
5315871000006115
5647291000006110
5887611000006117
5887631000006111
5887641000006118
5935321000006111
5974561000006110
6043771000006118
6204121000006118
6360351000006112
6360361000006114
6360371000006119
6360391000006118
6360401000006116
6360421000006114
6360441000006119
6546111000006118
6546751000006118
6583111000006116
6601121000006118
6601131000006115
6651221000006117
6651391000006114
6718021000006116
6841231000006113
6841391000006118
6847761000006118
6850801000006111
6851841000006118
6860251000006115
6860261000006118
6864781000006110
6864791000006113
6869441000006114
6927491000006113
6932321000006116
6932331000006118
6946631000006113
6969941000006114
7065281000006117
7080821000006111
7084801000006112
7093091000006111
7100421000006116
7105241000006116
7106991000006111
7278491000006111
7298951000006115
7475751000006117
7475781000006113
7502661000006117
7508021000006119
7510331000006117
7571581000006113
7571601000006115
7571611000006117
7572221000006117
7572251000006114
7572281000006118
7572291000006115
7572301000006119
7572321000006112
7572331000006110
7572341000006117
7572351000006115
7572881000006117
7573181000006118
7574041000006111
7574081000006117
7574481000006111
7574491000006114
7602891000006115
7602941000006119
7604961000006112
7696501000006114
7703511000006110
7789771000006114
7802511000006115
7848501000006110
7848521000006117
7848541000006112
7855741000006112
7966931000006114
8011041000006111
8032161000006112
8036721000006118
8041051000006118
8079871000006116
8087551000006113
8087751000006116
8270031000006111
8327951000006114
8440271000006117
8459551000006115
8459561000006118
9353781000006114
9843961000006118
9843981000006112
9843991000006114
9844011000006120
9844051000006118
9868461000006110
9868571000006116
12009341000006120
12009351000006116
12122331000006116
12122341000006114
12125951000006116
12276271000006112
12626301000006112
12734391000006116
13823711000006118
13930031000006112
13930051000006116
13935161000006114
13935201000006116
13935211000006116
13941091000006116
13941111000006112
13941121000006116
13941141000006112
13941161000006110
13941171000006116
13941191000006120
13941211000006118
13941231000006112
13945191000006116
13945201000006120
13945211000006116
13945971000006116
13945981000006116
13947581000006116
13947721000006112
13961321000006112
13961331000006112
13961351000006116
13961361000006120
13961381000006112
13961401000006112
13961431000006116
13961441000006114
13961451000006112
13961461000006112
13961481000006116
13961541000006110
13961551000006112
13961751000006116
13961761000006118
13961771000006112
13961781000006112
13961791000006114
13961801000006110
13961811000006112
13961821000006116
14015031000006120
14015311000006110
14057221000006112
14130061000006116
14130071000006112
14130081000006114
14130091000006112
14130101000006118
14130111000006116
14145371000006116
14145381000006120
14145391000006116
14145431000006110
14145451000006116
14179491000006112
14194701000006116
14194711000006116
14636541000006114