1785104011
124650010
300572018
354513019
6681821000006113
3838341000006113
294347010
3483571000006116
5128191000006115
12369171000006113
5095181000006111
2214081000000112
354518011
3441922013
3441921018
1166881000000114
475140019
473459011
395799018
104572011
309492015
309490011
309491010
309489019
309485013
309486014
309488010
492911000006119
309483018
309484012
400165012
7284941000006112
504231000006117
4804871000006112
6002821000006112
6002791000006115
5141351000006115
5141331000006110
454287012
499415017
2993861000006117
13682661000006117
13944631000006111
87210015
13944641000006118
47484015
5011771000006111
370681000006116
512234017
7067811000006116
557151000006115
315198013
221451000000115
6596241000006117
3521351000006117
1787109017
3012931000006114
3012961000006117
3012941000006116
53211014
3514011000006113
354516010
293372017
293373010
7769351000006119
5141421000006118
7769371000006112
376791000006111
1776211019
5128181000006118
5141031000006112
359459016
312591018
614691000006113
621001000006118
4409361000006118
312574017
92209015
3805521000006111
309405011
11878911000006115
1777678019
2770341000006117
637281000006112
1234831013
1222561017
1227289012
1221457011
500658014
483004014
495810010
2993871000006112
3660311000006112
2909611000006116
3858241000006117
2830211000006113
2993851000006119
2770301000006119
4056311000006111
40511019
11878901000006118
97838017
2530991000006111
12024151000006111
3009771000006117
2545121000006115
13632601000006111
13632621000006118
300603016
6203441000006117
13632611000006114
2545111000006111
359440018
709501000006112
5849611000006119
5849801000006116
6203451000006115
300584016
2534171012
13938311000006118
359513016
5141661000006114
3319141000006113
354520014
84262013
369516010
7272641000006115
2955624019
5141631000006117
7480801000006114
7483011000006113
7480781000006110
2263901000000118
4762441000006112
5095121000006112
35547018
14071271000006116
4762491000006115
354514013
294337012
1140231000000119
7480521000006119
1787110010
4762481000006118
5468701000006119
5468711000006116
141799013
100606014
300577012
789831000006117
3483581000006118
5141761000006117
5141791000006113
5650531000006113
7559361000006114
7559371000006119
357873014
1708121000006116
7858381000006111
7738881000006118
14071261000006111
6635481000006117
778591000006118
12704731000006113
4410181000006116
299392018
2676188013
1747711000000111
93019012
1784692011
300593015
124653012
3720201000006118
3720161000006112
3720211000006115
1822561000006113
3783951000006114
7858331000006110
4805591000006111
13680441000006117
3483621000006118
3483611000006114
3483561000006111
496853017
5124671000006119
5850811000006111
5864711000006117
357845012
14628221000006118
309391011
6668521000006116
736251000006113
6668531000006118
301719013
4782481000006115
301720019
301721015
301716018
4805601000006115
308697013
308709013
308700012
308704015
308705019
25612013
308706018
308707010
114310015
3086691000006118
3343601000006112
5140881000006110
2739071000006115
5141731000006114
3247871000006117
6596981000006117
12369161000006118
5141471000006117
14432201000006114
2157271000000115
5141481000006119
1539141000006113
1591381000006114
3720171000006117
693461000006115
312729010
693491000006111
297639014
297640011
297644019
4770971000006116
297645018
4770951000006114
1783725016
4779011000006115
5141711000006115
2687811000006114
8342911000006113
312590017
681411000006118
303849011
677561000006119
4770431000006110
91895012
312575016
312580013
409041000006110
312579010
312581012
312576015
309384013
312583010
312582017
3092151000006115
3562021000006111
143230018
3258821000006116
5141511000006110
242065019
990621000006115
884681000006117
300565019
300596011
158050019
108529013
52463013
6839012
5141001000006116
297540015
297545013
297542011
297543018
422991000006117
5141811000006112
14073411000006110
5126351000006111
5141131000006113
5141111000006119
5141171000006111
5141141000006115
5141121000006110
6748601000006112
147834015
7501711000006118
30382015
475145012
4778681000006112
5492261000006112
4778691000006110
300496013
395792010
300500010
192131000006114
905531000006112
354512012
177301000006114
176331000006116
4059041000006116
297777014
14502531000006116
1779323014
309413012
4782401000006112
3949121000006118
5126381000006115
6200281000006117
6200271000006115
5141221000006117
5141201000006110
5141261000006111
5141211000006113
141091000006112
3865071000006119
3865051000006112
3865081000006116
3865031000006117
3865061000006114
3400601000006117
3619221000006118
3691761000006115
2573581000006110
3744641000006112
3086671000006119
3343571000006117
7858361000006118
3949131000006115
428621000006114
5557071000006111
92208011
309408013
158442019
1728151000006118
7511501000006112
114251000006118
453243010
8320771000006119
14445981000006117
3949101000006111
147833014
309416016
5850801000006113
3258811000006112
6206591000006119
6206401000006113
475138012
1779388019
6635261000006114
87208017
300503012
5141291000006115
6668381000006113
7047591000006118
53457013
309393014
65971000006112
5058981000006112
956161000006110
350656011
1573181000006115
350655010
59031000006117
59041000006110
3043241000006110
4779041000006116
300579010
5035381000006116
5141611000006111
5141581000006115