142759013
293528019
293530017
293532013
293537019
293539016
316643011
451084014
1227346010
1495466012
1495490013
2675247013
494831000000119
606441000006110
1148201000000111
1148241000000114
1174311000000111
1174361000000113
1708971000006117
1708981000006119
1709161000006116
1709341000006117
1736361000000112
1760711000006114
1760721000006118
1760731000006115
1763651000006110
1834221000006111
1834231000006114
1834241000006116
1834251000006119
1834271000006112
1854661000006115
1854691000006111
1854771000006117
1854791000006116
1854801000006115
1854811000006117
1854831000006111
1854851000006116
1854861000006119
1854881000006112
1854901000006114
1854911000006112
1855391000006116
1855401000006119
1855411000006116
1855421000006112
1855431000006110
1855441000006117
1855451000006115
1855461000006118
1855471000006113
2222561000000111
3907561000006119
4760431000006115
5088101000006114
7068831000006114
7567301000006111
7617671000006115
8313711000006110
13925411000006118