16187016
26299016
34150017
34151018
35314011
38086011
46525011
47560014
57937016
58805016
59265016
61162014
71131011
87662010
89976015
100638016
115133015
119640010
126499018
126500010
257516017
257553011
257560017
259089016
264780013
264783010
264784016
264785015
264786019
264788018
292981014
292984018
292985017
292987013
292988015
292991015
292992010
293002013
293004014
293005010
293006011
293008012
293012018
293031012
293033010
293035015
293036019
293038018
293043013
293051011
293058017
293059013
293060015
293792014
293793016
293795011
293796012
293800018
294325010
294662017
297012019
297018015
297555012
297563013
356607016
356946017
356947014
398824011
452074010
498788015
498953012
500598015
501294012
504101018
1215920016
1220708015
1480265010
1786840019
2576454014
37751000006115
59951000006113
62071000006119
62381000006118
105641000006115
215801000000111
394681000006119
428171000006118
490821000006119
494481000006113
501101000006117
501111000006119
501121000006110
501131000006113
881651000006110
881661000006112
1842071000006112
1876551000006111
2284451000000113
2284491000000117
2284531000000117
2284611000000112
2284651000000111
2284691000000115
2284791000000110
2284831000000115
2588851000000112
2699581000006110
2822631000006118
2834131000006116
2834151000006111
3484041000006119
3484051000006117
3542741000006112
3590111000006115
3630091000006111
3630121000006110
3630151000006118
3630161000006116
3791101000006110
3892731000006110
4637161000006115
4759001000006115
4759011000006117
4759021000006113
5063191000006111
5063211000006112
7834031000006119