144914010
268299010
276249015
276250015
276251016
276252011
276254012
276255013
276256014
276257017
276258010
276259019
302130018
302146014
394567018
438891014
439051015
1230101012
1235234017
1480387016
3516049010
3516050010
3516053012
3517457014
44531000006112
108771000006114
108781000006112
108791000006110
108811000006114
108821000006118
744811000006117
875031000006115
875041000006113
875051000006110
885611000006111
2509081000006113
3057401000006115
3149571000006113
3175041000006113
3175051000006110
3216911000006111
3362101000006117
3669271000006116
3729841000006111
3729851000006113
3994451000006112
3994461000006114
3994471000006119
4167791000006116
4167801000006115
4167821000006113
4683921000006111
4690101000006111
4994861000006110
5135151000006119
5136241000006116
5136251000006119
5256931000006118
5459791000006111
5461001000006110
5648231000006110
5648251000006115
5849071000006115
5850021000006113
5852081000006111
5852101000006115
5852141000006118
5852151000006116
5934111000006119
5934121000006110
6451571000006115
6451581000006117
6451641000006112
6939181000006113
7078501000006113
7351271000006112
7355981000006119
9840951000006114
9840971000006116
9840981000006118
13707131000006112
13707141000006118
13709481000006112