302011
9093013
9986011
10928019
15518018
19931010
56000018
65526011
73294018
73466011
77727018
82373015
82979011
96244016
98476015
103777013
121589010
125705011
178798017
197761014
197984010
205225016
216195015
216201011
250447011
251187019
251591016
264676010
264678011
264679015
264681018
264682013
264693010
264695015
264701014
264704018
264705017
264707013
264714010
264716012
264717015
264718013
264719017
264720011
264723013
264724019
264726017
264727014
264728016
264729012
270618010
278718015
282568013
282570016
283544013
283584016
283889016
283938017
285751016
285753018
285759019
292466013
292475010
292478012
292479016
292480018
292482014
292483016
292484010
292488013
292489017
292495016
292496015
292503016
292512019
292523015
292538019
292540012
292541011
292543014
292548017
292550013
292551012
292553010
292565014
292576013
292577016
292579018
292581016
292582011
292583018
292589019
292590011
292606016
292612014
292617015
292621010
292622015
292626017
293756010
293759015
297492014
297510017
297550019
297551015
297552010
297754014
297755010
297758012
297964010
303846016
303847013
305158015
306112011
306113018
306114012
308110013
308360012
309177010
309179013
309180011
309737011
309738018
317347010
317348017
330806013
345486016
345487013
345492010
347657010
354316011
354508018
354509014
356078011
356085010
356101019
356109017
356110010
356111014
356118015
356119011
356121018
358035014
358036010
399419012
401528011
401531012
405057014
411891014
423112012
429970018
429971019
429972014
449540010
451410016
451411017
452078013
454092018
454093011
455408014
456686014
457157017
457231013
457325013
457326014
457327017
457328010
457329019
457330012
458512016
459161015
459162010
459163017
459167016
459169018
459292011
459293018
459294012
459296014
459306016
459308015
459309011
459310018
459311019
459312014
459313016
459520010
459694018
459695017
483882011
483886014
493773010
493774016
494564012
498512013
1219628016
1219629012
1223147012
1223148019
1227663018
1227774019
1229552016
1230890017
1230929011
1233307015
1484867016
1484885011
1484887015
1484888013
1484923019
1484954015
1488393013
1488394019
1488395018
1488396017
1488397014
1488398016
1488403015
1488404014
1488405010
1488406011
1488441010
1488898011
1495356017
1780274015
1780286017
1780311019
1780386019
1785163015
1785332013
1786715019
2156000010
2159170012
2159271018
2159854012
2159948010
2159949019
2159960011
2159961010
2159969012
2159973010
2159974016
2159975015
2159976019
2159977011
2159978018
2159979014
2159980012
2160025013
2160089017
2160090014
2474309019
2474334019
2474671011
2474726011
2475901019
2476117016
2532967014
2532971012
2532974016
2532976019
2532977011
2533102013
2548205017
2548271013
2548633012
2549196011
2549896013
2549901010
2622193012
2674067015
2676249018
2693189019
2817479019
2967831017
3029742016
3330159019
3330160012
3511972010
3513752015
3514795011
3515955014
3527174019
3636751012
3636752017
13751000006117
13761000006115
13771000006110
13781000006113
13791000006111
13811000006110
16171000000110
21631000000117
25261000000111
63021000000116
63041000000111
72651000006114
72711000006117
72721000006113
84281000006115
84291000006117
84301000006116
84311000006118
84321000006114
84331000006112
84341000006119
84361000006115
84371000006110
84381000006113
84391000006111
84401000006113
84421000006115
84431000006117
84441000006110
84451000006112
84461000006114
84471000006119
84481000006116
84491000006118
84501000006114
84511000006112
84521000006116
84531000006118
84541000006111
84551000006113
84561000006110
84571000006115
84581000006117
84591000006119
84601000006110
84611000006113
84621000006117
84631000006119
84641000006112
84651000006114
84661000006111
84671000006116
84681000006118
84691000006115
84701000006115
84711000006117
84721000006113
84731000006111
84741000006118
84751000006116
84761000006119
84771000006114
84781000006112
84791000006110
84801000006111
84811000006114
84821000006118
84831000006115
84841000006113
84851000006110
84861000006112
84871000006117
84881000006119
84891000006116
84901000006117
84911000006119
84921000006110
84931000006113
84941000006115
84951000006118
84961000006116
84971000006111
84981000006114
84991000006112
85001000006117
85011000006119
127041000006110
127051000006112
169731000006118
189701000000116
189711000000119
189721000000113
189831000000116
189841000000113
198461000000116
199471000000118
200111000006116
213141000006111
214921000006116
223291000000111
280511000006113
280521000006117
280531000006119
280541000006112
280551000006114
280561000006111
280571000006116
280581000006118
280591000006115
281161000006114
281171000006119
281181000006116
281211000006117
298811000000118
299191000000110
299211000000114
299261000000111
299601000000114
299621000000117
301161000000113
301191000000119
301611000000118
301641000000117
354661000006118
354671000006113
377001000006117
391111000006119
396661000006115
396671000006110
405561000000113
406351000000114
468191000006114
472901000000116
479511000000117
479571000000110
493821000000118
494831000000119
532331000000119
546001000000113
546071000000117
546151000000110
546221000000114
546291000000112
546471000000114
546961000000111
547061000000110
547191000000117
547331000000115
547441000000118
548121000000116
548131000000119
587111000006111
587521000006111
607851000006113
616081000006113
616151000006118
616191000006112
616211000006113
616241000006112
616351000006115
616381000006111
616391000006114
616421000006118
616441000006113
616451000006110
616461000006112
616481000006119
616491000006116
616501000006112
616511000006110
616531000006116
616541000006114
616551000006111
616561000006113
616571000006118
616581000006115
616591000006117
616601000006113
616611000006111
616621000006115
616641000006110
616651000006112
616661000006114
616671000006119
616681000006116
616691000006118
616701000006118
616711000006115
616731000006114
616741000006116
616751000006119
616801000006114
616821000006116
616831000006118
616891000006119
616921000006113
616971000006114
617041000006117
622221000000118
641581000006115
646031000000112
674961000006118
692951000000111
719471000006119
719481000006116
719531000006118
719541000006111
719561000006110
719571000006115
719591000006119
719601000006110
720311000006119
730411000000115
730471000000113
733161000000116
736731000000118
736791000000117
736911000000111
737031000000119
737331000000117
746791000006111
764191000006112
764201000006110
771331000006116
771341000006114
771351000006111
771361000006113
771371000006118
771381000006115
771391000006117
771401000006115
771411000006117
771421000006113
771481000006112
771491000006110
771501000006119
772131000006111
772141000006118
772151000006116
772161000006119
772171000006114
772181000006112
777231000006119
787101000006114
787111000006112
840951000006119
840971000006112
841011000006112
841351000006110
845341000006111
850691000006118
851051000006110
856531000006119
856551000006114
856611000006114
856621000006118
856631000006115
856641000006113
856661000006112
856671000006117
856681000006119
856691000006116
857031000006113
857411000006110
857421000006119
857431000006116
857691000006119
857721000006112
857741000006117
857761000006118
857971000006110
857981000006113
881441000006111
881451000006113
881461000006110
881471000006115
881481000006117
881491000006119
881501000006110
881511000006113
881521000006117
887971000006115
902201000006112
905621000006113
906711000006116
908831000006118
910491000006117
910501000006113
913441000006119
913451000006117
913461000006115
913471000006110
913481000006113
913491000006111
913501000006115
913511000006117
913521000006113
913531000006111
913541000006118
913551000006116
913591000006110
913621000006112
913651000006115
913661000006118
913671000006113
913681000006111
913711000006112
913771000006115
913781000006117
913791000006119
913801000006118
913811000006115
913821000006111
913831000006114
913841000006116
913851000006119
913891000006113
913901000006112
913911000006110
913921000006119
913931000006116
913941000006114
913981000006115
914031000006118
914041000006111
914051000006113
914061000006110
914071000006115
914081000006117
914151000006112
914161000006114
914221000006113
914231000006111
914241000006118
914251000006116
914261000006119
914271000006114
914301000006111
914311000006114
914391000006116
918281000006116
928461000006119
928471000006114
928491000006110
928501000006119
928511000006116
928521000006112
928531000006110
928541000006117
928551000006115
928561000006118
928571000006113
928581000006111
928591000006114
928601000006118
928611000006115
931191000006110
932641000006116
933211000006112
933221000006116
933231000006118
938301000006114
938311000006112
938321000006116
938331000006118
958321000006115
967631000006115
967681000006119
967701000006116
975251000006111
975261000006113
987441000006113
1139861000000119
1177721000000112
1539131000006115
1550571000000114
1583841000006111
1583851000006113
1583861000006110
1583871000006115
1583881000006117
1583901000006115
1583911000006117
1583921000006113
1583931000006111
1621011000006115
1627291000006113
1628311000006111
1628621000006112
1658821000000117
1658861000000113
1658901000000118
1658941000000115
1665721000000112
1665751000000119
1666911000000113
1666931000000117
1667891000000113
1667921000000117
1667941000000112
1673581000006117
1673591000006119
1673601000006110
1682711000006119
1682801000006113
1690631000000113
1694761000006113
1696331000006114
1704651000006111
1704681000006115
1704691000006117
1704731000006113
1704751000006118
1704771000006111
1704781000006114
1704791000006112
1704801000006113
1713371000006112
1734281000000117
1734721000000114
1755441000006119
1759911000000118
1767201000006118
1773381000006119
1775381000006118
1780981000006115
1804191000006114
1812221000006112
1823471000006110
1823921000006119
1824081000006117
1839671000006113
1841451000006115
1841461000006118
1841481000006111
1842001000006118
1848531000006116
1850931000006111
1853141000006111
1856641000006113
1856651000006110
1856661000006112
1858811000006114
1873301000006114
1876341000006117
1877371000006111
1884591000006118
1916521000006118
1918361000006116
1947161000006114
1954041000006119
1960611000006113
1960621000006117
1966311000006116
1966321000006112
1967341000006115
1968641000006114
1978871000006110
1994041000006110
2014951000006115
2115761000000117
2117891000000114
2168881000000114
2205911000000116
2227781000000112
2227861000000112
2227981000000110
2230301000000116
2243331000000115
2249831000000111
2249871000000113
2249951000000114
2249991000000118
2279261000000115
2279291000000114
2283241000000113
2287311000000111
2287971000000119
2288011000000114
2288041000000110
2288061000000111
2288071000000116
2302761000000119
2368911000000117
2415191000000113
2451551000000117
2460251000000115
2465001000000115
2493341000000118
2500921000000110
2576431000006117
2586611000000113
2586691000000116
2586731000000110
2597931000006119
2683561000006119
2683581000006112
2683591000006110
2867421000006114
2867431000006112
2900951000006115
2906401000006113
2920981000006117
3039971000006114
3102571000006114
3209431000006116
3209441000006114
3253231000006110
3253241000006117
3292081000006115
3319861000006118
3459801000006118
3511581000006114
3649791000006119
3690681000006114
4383621000006112
4392141000006116
4392221000006118
4636411000006110
4636471000006118
4636611000006112
4636621000006116
4636711000006116
4726201000006118
4758011000006112
4758121000006115
4771421000006116
4796321000006113
4807571000006117
4808881000006117
4808921000006113
4929251000006115
5009561000006114
5030691000006115
5030731000006111
5030741000006118
5030771000006114
5095031000006114
5109461000006115
5109561000006119
5109611000006116
5109621000006112
5109911000006110
5109921000006119
5110071000006112
5110081000006110
5110091000006113
5110101000006119
5110111000006116
5110461000006114
5110481000006116
5128771000006115
5192411000006114
5505651000006113
5549741000006110
5587071000006119
5634901000006116
5754581000006110
5979491000006119
5981421000006112
5988631000006117
5997431000006115
5999771000006115
6022581000006116
6022591000006118
6022601000006114
6022611000006112
6022621000006116
6022631000006118
6022651000006113
6022671000006115
6022691000006119
6022721000006112
6022731000006110
6022761000006118
6022831000006119
6022921000006114
6022931000006112
6030001000006116
6041331000006116
6041341000006114
6041411000006117
6041431000006111
6047141000006115
6348911000006117
6444031000006114
6444051000006119
6444071000006112
6515171000006112
6515201000006111
6515211000006114
6515451000006111
6515471000006118
6516331000006118
6546241000006111
6546261000006110
6546281000006117
6546321000006111
6546341000006116
6546411000006113
6546431000006119
6611521000006112
6612501000006110
6613341000006113
6615341000006112
6630481000006114
6630561000006115
6630571000006110
6630581000006113
6630591000006111
6630661000006119
6630681000006112
6630701000006110
6630721000006117
6630751000006114
6630821000006112
6630851000006115
6648161000006111
6670981000006118
6718121000006115
6761781000006114
6761801000006113
6761821000006115
6761841000006110
6761861000006114
6761881000006116
6837961000006116
6843971000006117
6866541000006117
6866781000006116
6866901000006111
6931861000006110
6951091000006110
6953861000006110
6953871000006115
6953891000006119
6953901000006115
6961081000006118
6969931000006116
6977421000006110
6982521000006119
6985411000006117
7032031000006112
7065531000006115
7068831000006114
7086001000006113
7086021000006115
7098211000006116
7107831000006117
7281511000006118
7287611000006113
7288191000006110
7306751000006110
7480661000006114
7480691000006118
7480741000006116
7500191000006118
7500201000006115
7500211000006117
7500351000006110
7507871000006114
7565341000006118
7567341000006113
7567371000006117
7613941000006113
7700041000006112
7708051000006112
7708081000006116
7804621000006115
7811791000006112
7811801000006113
7812121000006117
7812131000006119
7828041000006115
7851731000006116
7854021000006118
7861571000006116
7861581000006118
7863801000006113
7863811000006111
7966561000006111
7966571000006116
7966611000006114
7966641000006113
7966691000006116
7966761000006115
7966791000006111
7966931000006114
7968751000006116
7968881000006119
7968951000006118
7969001000006112
7969211000006115
7979841000006113
8006221000006115
8012061000006117
8012071000006112
8012081000006110
8012091000006113
8014501000006115
8022481000006112
8024771000006113
8026041000006113
8026061000006112
8027391000006115
8027411000006115
8027451000006119
8027491000006113
8027521000006110
8033291000006116
8034861000006113
8035211000006110
8037841000006115
8043301000006116
8043321000006114
8044061000006119
8044171000006110
8044181000006113
8044221000006116
8048421000006113
8058011000006111
8058021000006115
8064411000006119
8077141000006113
8082941000006118
8082951000006116
8084961000006111
8097461000006110
8098221000006116
8098241000006111
8098261000006110
8098281000006117
8098291000006119
8098311000006115
8098321000006111
8098341000006116
8098351000006119
8098371000006112
8098931000006110
8098951000006115
8099131000006117
8099151000006112
8099161000006114
8099181000006116
8099221000006113
8099281000006112
8099301000006111
8099311000006114
8099331000006115
8099341000006113
8099361000006112
8099881000006113
8118151000006112
8119331000006114
8120381000006111
8120401000006111
8120431000006115
8210281000006112
8236711000006119
8240511000006110
8241041000006113
8242331000006114
8267041000006114
8267081000006115
8352721000006117
8439941000006112
8439961000006111
8439971000006116
8440231000006115
8459531000006110
9313441000006116
11633211000006112
11633221000006116
11924351000006118
12002731000006116
12010081000006120
12078901000006118
12078921000006112
12078931000006114
12078941000006116
12078961000006116
12078971000006112
12085021000006112
12085031000006112
12085051000006116
12085071000006114
12085081000006112
12085091000006110
12085101000006116
12085121000006114
12085131000006112
12085141000006120
12085161000006116
12085171000006110
12085181000006112
12085211000006112
12085231000006118
12085241000006112
12085251000006112
12085291000006120
12085351000006120
12085721000006110
12085731000006112
12085761000006116
12085791000006112
12085891000006118
12085921000006112
12085931000006110
12086281000006112
12086321000006120
12086331000006116
12102571000006116
12115561000006116
12115571000006110
12116461000006112
12119681000006110
12120081000006116
12121371000006112
12121381000006114
12166111000006116
12180791000006114
12185421000006112
12189891000006110
12224731000006112
12224761000006116
12224911000006116
12300391000006116
12363701000006116
12489821000006114
12490031000006110
12490041000006116
12626341000006114
12702381000006118
12703741000006118
12704401000006110
12704411000006112
12704971000006112
12704991000006114
12705021000006112
12705071000006112
12705081000006112
12734341000006112
12734771000006118
13486131000006116
13486151000006112
13486171000006120
13486181000006116
13486191000006118
13486201000006116
13486211000006116
13488541000006116
13488551000006116
13767911000006120
13790061000006120
13790071000006114
13791991000006116
13810171000006112
13810181000006112
13832391000006118
13833601000006112
13949711000006112
13953211000006120
13953411000006118
13953421000006114
13966631000006112
14015311000006110
14056961000006112
14057771000006116
14057821000006112
14058781000006116
14059421000006120
14060651000006114
14067581000006118
14070771000006116
14071211000006112
14071331000006110
14071341000006116
14071361000006118
14071371000006112
14071441000006112
14071551000006112
14072461000006116
14072481000006114
14072591000006112
14072621000006112
14073061000006116
14073071000006112
14073081000006114
14073091000006112
14073101000006118
14077381000006116
14077471000006114
14077691000006112
14077701000006112
14077711000006112
14077721000006116
14077731000006116
14077861000006116
14077871000006112
14079681000006116
14079871000006120
14083741000006114
14083771000006118
14083781000006116
14083791000006116
14083811000006118
14083831000006112
14083901000006110
14083911000006112
14083931000006120
14083941000006112
14083961000006112
14083991000006116
14084001000006112
14084021000006120
14084031000006116
14084041000006114
14084061000006112
14084091000006116
14084101000006112
14084121000006118
14085781000006120
14090011000006118
14092431000006120
14092441000006112
14092491000006116
14094571000006112
14136361000006116
14174321000006116
14181911000006116
14233341000006112
14667031000006116