11876451000006114
303134017
11823171000006115
5085371000006111
5531991000006116
893121000006113
15166017
6594231000006117
105596011
303159014
353440011
1777478012
886341000006110
626571000006113
626561000006118
1786077011
303132018
5689211000006119
5085401000006114
7820861000006114
3511571000006111
303146018
450775010
906061000006116
2787941000006114
7118811000006110
626651000006119
3751141000006117
5523901000006112
303144015
7954681000006119
7080701000006114
7080691000006114
303143014
303145019
303135016
303136015
1786007012
7048281000006115
7048291000006117
3512312014
11878551000006114
7857551000006110
7169111000006111
7175681000006118
7103121000006119
7103111000006110
303131013
3515292015
5119451000006115
651641000006113
11823191000006119
11823181000006117
863601000006114
11878541000006112
4179611000006117
303147010
853491000006110
2825261000006116
503419012
303156019
303157011
303154016
303153010
11851201000006116
8464831000006119
11828731000006111
303326019
3511561000006116
5531971000006117
4374601000006113
5647031000006118
5085361000006116
5531981000006119