423221000006117
1932091000006115
6973461000006110
2931231000006118
397791000006118
294664016
476361000006114
3630171000006111
346929012
362941000006113
295765017
2502981000006117
8030791000006119
8024641000006111
2931251000006113
2931241000006111
363021000006113
45046017
905791000006115
13796591000006119
8044981000006111
251194016
363031000006111
363041000006118
499946014
500317011
13935261000006120
3630161000006116
13935251000006116
5005421000006117
8028391000006119
2290431000000110
294656010
497559016
363791000006112
294653019
294655014
294654013
2284371000000110
12106391000006112
12106351000006118
7755121000006115
149347010
1235534016
12106371000006111
12106381000006114
5011691000006117
1576281000006119
345701012
399393010
542781000006113
542611000006114
297012019
297013012
297014018
4768981000006114
542651000006110
542671000006117
297015017
542661000006112
297018015
296958010
296996011
296993015
296990017
296994014
542741000006119
296992013
296995010
296991018
636681000000117
297022013
359101000006114
882951000006110
882931000006115
296999016
294668018
370961000006119
418882018
3964671000006119
3802671000006118
13934381000006118
295714013
7874771000006117
8044911000006116
359241000006119
882171000006115
914941000006112
939491000006118
2445471000000112
2345881000000115
2743011000000119
2345801000000113
2445691000000113
12116721000006112
408401000000119
2451471000000113
6973421000006116
2502971000006115
295684012
7510741000006111
7510731000006118
7043661000006117
7043651000006119
7511971000006114
1834091000006117
2248021000000110
11930781000006119
2439591000000113
2439671000000110
2439711000000111
2439631000000113
1823871000006112
7710381000006117
3636474012
7955111000006116
295686014
295687017
7263021000006116
13943421000006112
8031771000006112
8031761000006117
8031751000006119
8009531000006112
8009521000006114
295685013
8041011000006119
295671015
1972341000006111
1972251000006119
1972311000006112
1972291000006113
1972231000006114
295668011
914951000006114
6900241000006112
6897271000006114
376531000006119
1972141000006113
1971541000006114
1972131000006115
1971771000006112
1971401000006111
376541000006112
1972211000006115
1972181000006119
1972201000006118
1972191000006116
1972171000006117
295672010
1972471000006111
1972401000006117
1972451000006118
1972371000006115
294718018
376571000006116
295690011
295688010
7515071000006112
376631000006115
2366391000000114
1950781000006119
6452391000006116
2403101000000116
1916981000006111
407461000000119
406841000000115
408361000000111
1856601000006111
1856611000006114
8214731000006110
408421000000111
408501000000115
408461000000115
408481000000112
5618261000006114
7969281000006110
6897241000006118
6900201000006110
2575741000006113
3802651000006111
1950571000006111
1950501000006117
1950641000006119
1950651000006117
1950561000006116
1950731000006115
1950661000006115
1949761000006115
1949721000006114
1949771000006110
1949611000006114
915111000006112
915121000006116
1949621000006118
1949631000006115
1949651000006110
1949641000006113
1949671000006117
1949661000006112
1949711000006118
1949691000006116
1949701000006116
14669521000006116
7969371000006115
7955161000006118
914931000006119
12370661000006114
12370641000006110
8044941000006117
5618271000006119
2649061000006115
1856631000006115
299641000000112
3189531000006118
294688019
8032931000006117
8032911000006111
8014401000006116
7863681000006115
8024691000006119
294321000000111
999961000006114
294111000000119
5005501000006111
5005541000006113
5005581000006119
5618231000006117
5005671000006118
345092016
5005601000006112
7560531000006110
7560411000006117
2159232016
2159233014
2159234015
2159235019
496157019
496158012
6749711000006110
6749741000006114
6749771000006118
6749801000006116
251625013
4539871000006116
7840631000006118
3630121000006110
394681000006119
753321000006116
753331000006118
3630151000006118
3630141000006115
294662017
394691000006116
2773831000006113
3802641000006114
6024071000006116
8042801000006115
8042791000006116
745381000006119
3802621000006119
914801000006116
1972431000006113
1972441000006115
1971661000006114
1971721000006111
1974931000006114
1974961000006117
1975591000006119
1976071000006119
1973941000006119
1973971000006110
1971701000006118
1971711000006115
1973711000006116
1973741000006117
1976091000006118
1976161000006113
1973171000006112
1973181000006110
1974271000006119
1974291000006118
3414231000006117
215831000000117
2288201000000116
295525018
398571000006112
8024201000006111
3414261000006114
399031000006111
696161000006115
2912321000006113
2722931000006114
1972681000006112
1972661000006119
3653671000006113
12370651000006112
2773801000006117
7834071000006116
5005521000006118
5005561000006112
402429016
411950013
2742971000000119
2543131000006118
401760017
299325013
297025010
35741000006114
401759010
882181000006117
295680015
1973401000006112
1973271000006117
1973381000006112
1973341000006118
1973221000006118
3511181000006115
5005881000006116
1949681000006119
2707661000006119
22408016
7511421000006118
423221000006117
2729771000000110
2729791000000114
346897015
21256010
294643015
359081000006118
294638010
294642013
294641018
6897251000006116
423351000006115
359091000006115
423381000006111
423391000006114
8010111000006117
6897211000006117
2603271000006110
2667431000006115
6900181000006114
3575041000006117
2575731000006115
2929931000006112
5005711000006119
12626321000006119
12734321000006118
7843521000006113
2405911000000115
1785381000000118
1933001000006115
2221421000000114
2373201000000112
2373161000000116
2345931000000111
2742991000000115
14479161000006110
7750421000006118
6900221000006117
5005871000006119
882191000006119
401757012
882941000006113
292111000006117
317930017
76484016
4763081000006118
26545010
359141000006111
882201000006116
6024061000006111
294648012
6348031000006112
294646011
294644014
294647019
294645010
6348061000006115
359151000006113
425901000006116
882211000006118
294660013
359161000006110
148381000006115
402397010
1222549013
2288281000000114
2620431000000115
2620471000000118
7794741000006116
2715131000000119
2714871000000112
13072961000006112
3964651000006112
3964661000006114
3635492010
3964591000006117
428201000006119
1972791000006115
1972731000006119
1972771000006116
1972751000006114
1972711000006113
7500601000006117
5005741000006115
294652012
294637017
294635013
1972081000006115
1972041000006114
1972071000006118
1972061000006113
1972021000006119
3414251000006112
431681000006117
914921000006117
7515061000006117
431691000006119
8089241000006117
8089231000006110
295681016
2664611000006117
3630091000006111
501294012