138421012
251629019
294642013
294646011
294655014
294690018
294824018
294825017
294826016
294828015
294831019
294832014
294836012
294837015
294838013
294840015
294843018
294844012
294845013
294894013
294917018
294918011
295535012
295537016
296137015
296138013
296180012
296181011
296198011
296199015
296245018
346972018
346973011
369982012
401766011
401866015
401869010
401871010
401872015
401873013
401876017
410861011
441826016
1773563015
2164005017
2164006016
2164009011
2474715017
2533375017
2534091015
2534092010
2534096013
142521000006110
142541000006115
182721000006111
182771000006112
182801000006114
202561000006114
213641000000111
223741000000112
226411000000110
226581000000119
294621000000118
300711000000119
359121000006116
366561000006119
376691000006116
376711000006118
376721000006114
376741000006119
379431000006113
379771000006116
379781000006118
396081000006116
396771000006117
396781000006119
398351000006110
398561000006117
398841000006119
399961000006118
406881000000111
408521000000112
408541000000117
408561000000116
408581000000113
408601000000116
419841000006116
423041000006119
423611000006111
424531000006118
424541000006111
424551000006113
424561000006110
424571000006115
424631000006119
424641000006112
424651000006114
424671000006116
424681000006118
425411000006110
425501000006113
425561000006114
425691000006119
425751000006115
426891000006114
426911000006111
426921000006115
426931000006117
426941000006110
426951000006112
426961000006114
426971000006119
426981000006116
426991000006118
432511000006119
474171000006112
488211000006112
513711000006118
513721000006114
613791000006115
642461000006116
675861000006113
677031000006115
677321000006115
681801000000113
882401000006115
882421000006113
882671000006112
882681000006110
882811000006119
882821000006110
882831000006113
967791000006111
983861000006115
999901000006113
1680571000006118
1715181000006114
1715191000006112
1715771000006112
1715781000006110
1755901000006112
1755911000006110
1976491000006113
2667431000006115
2722931000006114
2724681000006112
2729751000000118
2729991000000112
2730011000000110
2798691000006112
2821731000006115
2929931000006112
2957311000006113
2993091000006116
3033261000006113
3071791000006111
3071801000006112
3087971000006112
3094951000006111
3149661000006117
3153071000006116
3190221000006112
3531371000006112
3606411000006115
3628471000006116
3700911000006115
3743451000006110
3767531000006119
4539971000006110
5024071000006118
6000711000006112
6201561000006118
6337491000006116
6337501000006112
7515151000006115
7803711000006118
7803731000006112
8035341000006119
8044941000006117
8089301000006110
8214741000006117
8232571000006118
8232591000006117
8237831000006115
8237851000006110
8459471000006114
8459491000006110
8465321000006112
9901161000006120
9901261000006114
9901281000006116
11918561000006110
12127531000006112
12127541000006116
12127551000006118
12127561000006116
12127571000006112
12626331000006116
12727931000006110
12734331000006116
13716011000006116
13962531000006112
13974501000006116
13974511000006116
14013791000006120
14357561000006116
14357571000006112