5646041000006114
749081000006115
7837451000006113
3423851000006118
317233013
12717671000006110
317235018
960281000006115
3799251000006119
94597012
363321000006111
372208017
3799261000006117
366521000006113
366541000006118
7532211000006110
370419010
14532571000006111
7230101000006110
5253181000006110
5253211000006114
5253221000006118
1222496015
368061000006113
527421000006116
368051000006111
3468921000006116
3027091000006119
6348801000006114
577901000006119
7079921000006119
296361019
882611000006115
988931000006112
7567401000006119
8440231000006115
6025191000006115
296379015
1620911000006112
6452531000006114
8274831000006110
3369911000006112
5253231000006115
251631011
2581331000006110
4540011000006112
8039381000006110
8039371000006112
389311000006116
213614013
4504611000006115
3062561000006112
295452013
295436010
401889011
295451018
23968015
420741000006110
420751000006112
424061000006117
295441019
1776641000006112
1780181019
1764491000006116
7597111000006113
5278921000006115
3110971000006119
664031000000110
1664151000006114
5272841000006115
5253131000006114
3062551000006110
7597101000006110
8304591000006113
295437018