906431000006116
13718171000006113
126839012
461191000006115
13636961000006116
3742431000006112
13636971000006111
355412016
7856071000006111
14433391000006117
8257781000006113
307871000006113
5103541000006116
4094901000006110
1784724014
1784724014
4422371000006110
89618011
4791931000006119
304803014
2634531000006119
13705611000006116
3558461000006116
2667541000006114
102424012
3219061000006118
2860411000006119
304799013
13713411000006117
3326141000006114
355411011
396767017
642741000006112
2927311000006112
106864016
304798017
2652481000006113
642651000006116
642661000006119
642671000006114
642681000006112
3545631000006119
642691000006110
642701000006110
642721000006117
642731000006119
304796018
3545641000006112
642771000006116
642781000006118
642801000006119
642811000006116
642821000006112
642831000006110
642841000006117
2782801000006115
6041791000006118
126835018
304791011
3434271000006111
3124151000006112
5103551000006119
4094891000006111
11851161000006110
770611000006110
7737891000006119
7700571000006113
8268221000006110
2548653011
304801011
304802016
305247015
2927321000006116
3374421000006115
12625901000006119
317021000006116
4414001000006117
7856031000006113
13636951000006118