11300012
12602012
23819016
23820010
46968015
46969011
46970012
46971011
46972016
73622018
148427014
178739011
251644018
253531010
264629018
264634019
264635018
264637014
264638016
264639012
264640014
264645016
295528016
295667018
297060016
297107018
297266016
297267013
297281010
297282015
297283013
297284019
297289012
297290015
297295013
297296014
297300010
297302019
297303012
297311019
297312014
297313016
297314010
297315011
297320011
297321010
297324019
297325018
297330019
299334015
299336018
299337010
299345017
344986017
345225017
345275015
345281011
345293019
345302015
345311015
345318014
345321011
345323014
345345010
399395015
399396019
399397011
399408014
401838011
450602015
450603013
453344019
459233015
459234014
472410017
472411018
477355017
478024019
485041012
486701019
495804010
500033015
504161016
512000013
1234503010
1489345013
1495056012
1780267013
1780375016
2159171011
2159216019
2159217011
2159218018
2159219014
2159220015
2159221016
2159222011
2159223018
2159227017
2159274014
2474650018
2478828012
2533403014
2548491016
2550890017
3506708010
3510617017
3511291019
10791000006116
16251000006117
42191000006110
42241000006110
72751000006116
103531000006110
125721000006111
137801000000112
141981000000118
141991000000116
142041000000115
142051000000117
148591000006114
154851000000115
223781000000116
223811000000118
230321000006117
245341000006117
245351000006115
245361000006118
253231000006116
301541000000116
307861000000113
307881000000116
307901000000118
362161000006110
362211000006118
362241000006119
376461000006110
379901000006113
395221000006119
403941000006114
403961000006113
404001000006114
404031000006118
404041000006111
404841000006119
404911000006113
405051000006114
406781000000119
418191000006113
420411000006117
423121000006110
425631000006118
430341000006111
430371000006115
632721000000111
647261000006115
647301000006112
736371000006112
743461000006119
800721000006115
851121000006117
883041000006118
883061000006119
897431000006113
905881000006111
916571000006117
918561000006111
918591000006115
918601000006111
930341000006113
931711000006118
932141000006111
1013181000006110
1173961000000112
1175991000000119
1176031000000114
1176071000000111
1176241000000114
1176301000000117
1176341000000119
1176381000000110
1673671000006116
1699591000006112
1699611000006118
1705661000006112
1741271000006111
1741281000006114
1776671000006116
1855731000006116
1855741000006114
1855761000006113
1856771000006110
1856781000006113
1856791000006111
2014871000006119
2193821000000118
2329921000000110
2502351000006114
2502391000006115
2587491000006110
2587911000000119
2589101000000111
2598871000006114
2612101000006119
2612111000006116
2612121000006112
2721471000006114
2811081000006110
2950441000006117
3011601000006118
3011611000006115
3011621000006111
3101911000006116
3210941000006113
3210951000006110
3323851000006114
3618451000006117
3668321000006119
3668331000006116
3668341000006114
3719651000006117
3719661000006115
3795091000006119
3796891000006117
3796901000006118
3878481000006113
3878491000006111
3878501000006115
3955151000006114
4052921000006118
4396671000006119
4540141000006110
4755771000006114
4769541000006119
4769611000006117
4769641000006118
4769691000006110
5004721000006111
5007171000006117
5007201000006118
5007211000006115
5007261000006117
5007291000006113
5007321000006116
5007351000006113
5007361000006110
5007441000006115
5007541000006119
5007551000006117
5007621000006113
5007661000006119
5007681000006112
5007771000006116
5007781000006118
5007811000006116
5007871000006113
5007921000006115
5007941000006110
5007971000006119
5008031000006115
5008071000006117
5008101000006110
5008211000006119
5008231000006113
5614161000006114
6028641000006114
7512471000006111
7745101000006111
7811801000006113
7863681000006115
8024691000006119
8025071000006110
8079791000006114
8089721000006118
8089731000006115
8191681000006117
11778041000006120
12048461000006112
12049771000006118
12076991000006114
13491221000006116
13492021000006120
13493091000006112
13493111000006116
13493431000006116
13493791000006114
13495041000006116
13499471000006116
13500261000006114
13501161000006114
13503061000006114
13520601000006116
13523961000006116
13572191000006116
13572931000006116
13573141000006116
13622071000006110
13632801000006112
13637261000006112
13637841000006112
13646721000006112
13686241000006116
13686271000006112
13791581000006112
13911981000006114
13950881000006118
13950921000006114
14055041000006118