1119471000006114
216655018
5663541000006119
1734721000000114
1734321000000113
371290017
371298012
7486621000006118
5261791000006119
1734281000000117
5098271000006114
5262001000006115
5098281000006112
1786154013
13952471000006117
2243331000000115
14092491000006115
13952531000006116
932201000006116
1768751000006113
2883392010
6592981000006116
13952481000006119
384551000006110
882471000006114
5098261000006119
1936351000006112
397839010
411548013
812271000006113
1225084013
3266571000006114
273338019
783301000006115
1777409015
4511231000006113
304501018
981501000006119
5716421000006113
2925471000006116
3266561000006119
7316331000006116
1775111000000115
7316051000006114
5323211000006116
272299019
396141000006114
13952491000006116
369101000000114
5098291000006110
426661000006119
489201000000110
405041000006112
273339010
273365014
89755015
6694251000006118
5487451000006112
5323221000006112
1809351000006118
273340012
203631000006111
364564016
1838911000006118
424011000006115
991801000006118
401788011
302271000000119
1736291000000114
96257012
354302018
272294012
354303011
7481541000006118
430391000006119