4301012
35150012
138437018
252318014
325859018
325862015
325863013
325864019
325870013
325872017
325873010
325876019
325877011
327555017
328189010
328190018
329287012
329288019
329289010
329292014
329293016
329294010
329296012
329297015
329298013
329299017
329300013
329301012
329302017
329327012
329332013
329336011
329357015
329362019
329363012
329364018
329365017
329375019
329376018
329380011
329381010
329382015
329383013
332830019
332876015
332887011
332896011
332899016
332903011
332904017
332906015
332907012
332908019
332909010
332913015
332914014
332916011
332918012
332919016
332920010
332927013
332940015
332941016
332947017
332949019
333019012
333026012
333029017
333030010
333037013
333040013
333041012
333042017
333045015
333046019
333048018
333049014
333050014
417481019
1221608017
1222238015
1222581016
1234830014
1485062017
2160111010
2534630017
31231000006113
141851000000119
385091000006114
385111000006117
385121000006113
385131000006111
385141000006118
385171000006114
385181000006112
385191000006110
385201000006113
385211000006111
385221000006115
385231000006117
385311000006119
385321000006110
385341000006115
385351000006118
385431000006118
385441000006111
385451000006113
385461000006110
385581000006118
385611000006114
385621000006118
385631000006115
385641000006113
385811000006110
385901000006118
385911000006115
385921000006111
385931000006114
385941000006116
385951000006119
385961000006117
386111000006111
386121000006115
386191000006118
386231000006111
386271000006114
386281000006112
386291000006110
386301000006111
386311000006114
386321000006118
386391000006116
386401000006119
386411000006116
386421000006112
386431000006110
386441000006117
386451000006115
386461000006118
386471000006113
404631000006113
404641000006115
404651000006118
404661000006116
404671000006111
404681000006114
404691000006112
404701000006112
404711000006110
404721000006119
404731000006116
410001000006115
410011000006117
410021000006113
410071000006114
410081000006112
410091000006110
410101000006116
410131000006112
410141000006119
410151000006117
410161000006115
417471000006117
417481000006119
417491000006116
417501000006112
417511000006110
430581000006113
430981000006116
431011000006119
446671000006112
663711000006114
663721000006118
663731000006115
663741000006113
663751000006110
663761000006112
663771000006117
663781000006119
663791000006116
664631000006110
664651000006115
664661000006118
665141000006113
665161000006112
665171000006117
665361000006110
665371000006115
665481000006114
665491000006112
665511000006118
665811000006116
665851000006115
665861000006118
665881000006111
901021000006116
991201000006117
1121551000000119
1817091000006116
1832831000006116
1832971000006112
4885551000006118
4935721000006118
4935731000006115
5171381000006112
5174461000006111
5174471000006116
5174511000006114
5174531000006115
5174541000006113
5174761000006116
5174801000006113
5512871000006114
5567701000006113
6705241000006112
8465791000006113