40268016
49139016
54899010
76978010
84105018
118092013
140102012
178757012
251653013
264949013
298025012
298034019
298042018
298047012
298048019
298049010
298050010
298051014
298052019
298053012
298054018
298055017
298056016
298057013
298058015
298059011
298060018
298061019
298062014
298064010
298071017
298072012
298074013
298075014
299482013
299484014
316238010
347744010
347754014
347755010
399447011
411465018
495680018
503452018
1220514012
1221368012
1226368013
1232965011
1233026017
1486268015
1490617017
2676361011
3526206017
3526208016
3532561018
47081000006113
141721000006112
249331000006112
264071000006115
361511000000118
378061000000112
378701000000110
378721000000118
383381000000118
383401000000118
383421000000110
388091000006115
388101000006114
459721000006110
521031000006117
556201000006114
560611000006117
582671000006113
674741000006115
709921000006113
734071000006115
770481000006118
773711000006110
802901000006112
802911000006110
802981000006115
803011000006118
803061000006115
830051000006116
856591000006115
856601000006111
883291000006119
883301000006118
907841000006110
1010721000006116
2108241000000115
2517641000006119
2517661000006115
2524871000006112
2743971000006118
2843081000006117
2848811000006113
2974881000006116
2974891000006118
2983571000006113
2983591000006114
3041311000006118
3041351000006117
3041361000006115
3098451000006110
3098461000006112
3245761000006114
3317631000006118
3564451000006117
3564481000006113
3564491000006111
3601481000006119
3610251000006115
3610261000006118
3656821000006115
3753211000006111
3753221000006115
3753241000006110
3753251000006112
3753261000006114
3872051000006113
3872071000006115
3874591000006117
3874601000006113
3899361000006112
3899381000006119
4010061000006117
4010091000006113
4061451000006115
4196691000006111
4196741000006113
4540281000006112
4772371000006118
4772381000006115
5031751000006110
5031801000006115
5484711000006110
5484721000006119
5912721000006110
6041451000006116
6041601000006118
6041611000006115
6050191000006113
6050201000006111
6353481000006112
6532571000006119
6532581000006116
6532591000006118
6532601000006114
6532921000006114
6535011000006114
6871531000006110
6889091000006110
6979851000006114
7089401000006110
7089411000006113
7727931000006113
8011971000006116
8107961000006110
8111981000006112
8283321000006113
9846871000006112
9846881000006110
9846901000006112
9846911000006110
9846921000006120
13661751000006120
13661761000006116
13678711000006120
13680171000006120
13680611000006120
13680621000006110
13682971000006116
13682981000006120
13711431000006112
13711451000006116
13986931000006116
13988921000006116
13988931000006118