16455010
25080011
45604013
72069017
80709010
150085018
251601017
255612014
259077018
259078011
261063016
264664010
264665011
264666012
264667015
264669017
264670016
264671017
264672012
264673019
264674013
264675014
293392012
293394013
293396010
293400010
293405017
293407013
293410018
293411019
293412014
309634013
309645011
309646012
309651018
309659016
309673013
309674019
309675018
309676017
309677014
309678016
309679012
309680010
309681014
309682019
309683012
309685017
309686016
309687013
309689011
309690019
309692010
309693017
309695012
309696013
309697016
309698014
309699018
309700017
309701018
309702013
309703015
309704014
309705010
309706011
309707019
309708012
309710014
309711013
309713011
309718019
309720016
309722012
309727018
309731012
309732017
312525018
312527014
354501012
354502017
359358011
359360013
359372019
359373012
359376016
398876010
406707017
458336016
481958014
486302011
2474733011
2695828012
177221000006111
219261000000112
221481000000114
351821000000119
362801000006117
376211000006111
388241000006119
552141000006115
552161000006116
552171000006111
552181000006114
552201000006110
552211000006113
552241000006112
552251000006114
552261000006111
552271000006116
552281000006118
552291000006115
552311000006116
552321000006112
552331000006110
603431000006110
603451000006115
603481000006111
603491000006114
603521000006111
603541000006116
603551000006119
603591000006113
603721000006119
603751000006111
789621000006119
806061000006113
850991000006110
881751000006117
1877501000006110
2370851000000119
2560751000006110
2560761000006112
2610481000000112
2798941000006112
2892591000006114
2892601000006118
3077931000006118
3256331000006111
3591671000006114
3701121000006115
3934821000006114
4760071000006110
4760091000006111
4760101000006117
4808821000006116
5139891000006117
5139911000006115
5140041000006113
5140061000006112
5140081000006119
5140161000006111
5192401000006111
5500621000006111
5650571000006111
5650611000006118
7710691000006110
7789781000006112
8098811000006111
8320701000006113
11932301000006112
12729281000006112
14449451000006116