16299015
20046011
67395018
80356011
106143018
122880015
136591012
150853015
265671011
273561018
273562013
273566011
273589015
273591011
273592016
273594015
273597010
273598017
273599013
273600011
273601010
273602015
273603013
273610019
273611015
273615012
290524016
291650017
291651018
291658012
304809013
304810015
304814012
304815013
304817017
304824016
304825015
304827011
304832012
304833019
304875018
304876017
304877014
304880010
304881014
304886016
304892010
305248013
324959012
354998017
355002017
355009014
356788017
375351014
394459012
394462010
394464011
394465012
394466013
397858018
458854012
472886013
475586011
482042011
482074016
492278013
493183018
510400013
512055011
512056012
512057015
1216364011
1230378010
1231269014
1235896013
1235899018
1491651014
1495579017
1777629012
2476660012
2532948010
2534193019
2534194013
2534254015
2674348013
2674349017
71541000006116
172801000006116
172811000006118
173111000006117
188921000006111
201221000006112
201281000006111
210981000006112
216331000006113
237281000006110
305981000006111
306521000006112
308531000006111
308611000006116
310901000006111
365131000000118
485271000006111
485981000006115
491011000000117
543391000000111
545301000006110
606341000006119
682571000006117
694711000006110
698981000006110
715461000006112
739131000006116
767481000006114
767501000006116
789521000006118
790201000006116
802711000006112
869681000006115
869741000006115
887231000006110
887241000006117
887251000006115
887261000006118
887271000006113
887321000006117
1588221000006112
1705831000006116
1714901000006116
2681271000006112
2720591000006116
2897571000006111
2898951000006112
3008831000006116
3141181000006116
3178901000006119
3246811000006111
3291191000006112
3839691000006117
3840681000006112
3978011000006119
4023841000006114
4053901000006119
4053921000006112
4792261000006113
4792291000006117
4792301000006116
4792311000006118
4792351000006117
4792361000006115
5099561000006112
5099581000006119
5309421000006118
5497451000006113
6200141000006119
6593331000006111
6597161000006110
6632101000006112
7091631000006116
7105491000006112
7334421000006111
14058991000006116
14210241000006116