1220816015
306111000006112
1222222014
309021000006110
309031000006113
313411000006114
6840351000006115
5613441000006119
456641000006119
1220818019
289964018
1216160012
2884021000006111
3992531000006111
7815381000006112
2884031000006114
3992541000006118
4416691000006114
292006015
6347711000006119
4416551000006116
4416681000006111
509741017
3992591000006110
7995641000006118
3992621000006112
292073010
312211000006119
5601951000006114
414220013
2534415018
304381000006111
6841281000006114
6841331000006117
2782281000006111
2782211000006116
2782201000006119
201612010
304401000006111
6841351000006112
3992691000006114
13979751000006112
2124991000000117
13938181000006111
2872264019
7308311000006114
12002441000006118
3992711000006112
304331000006110
6204531000006112
2782301000006110
3992721000006116
6841361000006114
1216346016
2999011000006111
4309871000006113
1216284012
2965511000006118
4173521000006112
7050641000006112
2965521000006114
5601511000006115
289885019
1216940017
1815601000006111
3759531000006117
7822651000006110
7815401000006112
7750201000006110
291992012
289884015
292010017
289928019
305141000006119
289908018
292036012
7740101000006115
3992631000006110
291960011
2659763011
1815651000006110
3992761000006110
3992741000006111
4173671000006112
3363281000006114
1815321000006110
7351521000006114
2168491000000113
1229774012
3169641000006114
6853311000006112
1220814017
291964019
304071000006110
5356031000006112
1234836015
2534468012
2511731000006112
11930221000006112
2731341000000117
459741000006115
4173581000006111
4173611000006115
7236901000006114
7236911000006112
378182015
13938031000006114
13937991000006111
13937971000006110
7849031000006117
292045013
1216868019
292042011
414160018
5601291000006110
414008012
5599831000006119
5599811000006113
2734841000000110
4172741000006115
11903061000006113
6051551000006117
13685761000006117
13685801000006114
7838571000006117
7964521000006110
7995811000006116
82041000006113
414248013
5599801000006110
5599791000006114
306001000006110
306011000006113
1815401000006114
260879014
260880012
13630511000006114
306111000006112
2853511000006117
3758721000006116
287029018
306171000006115
5601311000006114
289612010
2663190016
4309981000006116
289605018
289608016
289604019
289606017
289603013
527801000006112
289611015
289610019
289602015
291981011
1215905010
1216939019
4005571000006111
4005451000006119
291980012
4310011000006116
6693171000006118
6693161000006113
6693141000006114
6693151000006111
4009801000006118
289903010
1228268017
289895014
554641000006115
289967013
306921000006118
3327961000006112
3327921000006118
3327891000006112
7868981000006116
2168681000000113
3327971000006117
3327901000006111
5600941000006116
201652012
306931000006115
3327911000006114
7838601000006112
289923011
306951000006110
3530511000006116
201656010
289900013
1216809013
3530471000006114
6847821000006117
6847841000006112
4009751000006113
4009781000006117
6847851000006114
474077018
306971000006117
4417331000006119
306981000006119
4417721000006118
289898011
4753361000006119
6847901000006116
3635398013
3635400012
2233381000000115
2233421000000112
2233461000000116
4009731000006118
4009741000006111
4009791000006119
4009821000006111
5601401000006119
292001013
292002018
307221000006111
6635091000006114
2734791000000113
1225763012
1815331000006113
2950311000006114
6585691000006116
39671000006114
1815301000006117
201658011
307591000006111
2901912012
5602391000006111
198006010
3255181000006119
6693531000006113
13666221000006112
7963881000006114
13666571000006111
7963731000006117
13942781000006113
13942791000006111
5602231000006116
5912011000006117
4172461000006111
4752991000006118
4172491000006115
444799014
1219545019
1668101000000112
292191019
7366611000006119
289812013
4172311000006115
4172481000006118
4172441000006112
621071000006112
621091000006113
621041000006116
289799010
289801013
7963891000006112
13630841000006110
414298014
1815371000006111
474703011
292050019
308041000006113
292046014
4421271000006114
7752061000006119
7752071000006114
308311000006111
292018012
292024018
1216029010
2726791000006110
4020921000006116
476225016
4417891000006110
4417841000006118
4417881000006112
2532159017
1815131000006111
2534467019
7815461000006113
6693501000006117
5602251000006111
763421000006116
1815151000006116
3395251000006115
1815161000006119
1815171000006114
4172591000006116
1815181000006112
2124491000000113
14442461000006110
2124511000000117
7819511000006113
1815221000006115
3393051000006113
3150381000006111
308801000006118
5602571000006115
5602351000006117
5602371000006110
6692761000006119
5975501000006113
414278016
451429010
7569011000006116
7566531000006112
7369661000006114
7358451000006113
13686181000006118
7351861000006118
7361211000006114
7353041000006113
7364001000006115
4172601000006112
4172561000006112
763431000006118
414257019
1216381019
291962015
2659693012
4172811000006111
5590911000006112
309011000006119
309181000006110
309521000006115
4753321000006113
289904016
1228267010
5604911000006110
251577010
4423021000006115
1216729017
311041000006118
1591211000006111
12702811000006117
4309731000006119
5601211000006117
3377341000006113
815441000006111
3140101000006115
4309781000006118
4309271000006112
114573012
2872841013
6331011000006113
5602241000006114
6331021000006117
5602621000006117
289921013
309941000006119
291958014
2659772015
4416161000006111
824221000006113
824231000006111
824241000006118
824251000006116
293617011
4760611000006111
293618018
8024121000006111
7079691000006114
8020031000006118
7482301000006118
14194931000006112
14068041000006118
7482021000006113
420481000006112
7097081000006117
8037771000006119
8047741000006111
7082631000006111
13915571000006117
388991000006116
825711000006111
2168331000000117
1815001000006119
288182013
1814951000006115
4309301000006114
4309571000006110
3706141000006116
1815031000006110
2730231000006116
4420171000006114
215913019
291932014
2663377018
3169161000006115
3648221000006118
4309481000006114
826681000006115
2168431000000112
215914013
3129111000006110
291933016
3208271000006111
1233285010
310141000006111
289702012
453326010
1221109014
2663473018
309991000006111
826121000006114
2730241000006114
1815101000006115
7053621000006113
289706010
289709015
289705014
826181000006113
289704013
826171000006110
289711012
289710013
289701017
2663187010
826461000006111
826511000006114
826521000006118
826471000006116
826501000006111
826481000006118
826491000006115
289699017
310071000006116
1233353010
291931019
3648231000006115
826261000006110
826991000006114
826921000006112
826931000006110
826941000006117
826901000006119
826951000006115
826911000006116
826961000006118
289657018
289679011
1229767019
2663461018
4309581000006113
826541000006113
826551000006110
826561000006112
826591000006116
826571000006117
826581000006119
826601000006112
154798010
289670010
289669014
1220414014
5602161000006118
5602121000006112
4309551000006117
826631000006116
826641000006114
826651000006111
826661000006113
826611000006110
826621000006119
826671000006118
154811011
289660013
1229491012
310131000006118
289703019
289638010
1233711012
2663476014
289632011
154837014
154838016
289633018
289629013
826361000006117
289637017
154846015
289628017
289680014
7053651000006116
289627010
291934010
289621011
289624015
289618014
826741000006115
826751000006118
826691000006117
289626018
154859011
289616013
289648012
1230406012
2663376010
4309491000006112
154862014
154863016
154864010
289643015
289640017
826861000006114
289647019
154872012
289639019
289659015
6692791000006110
1215865012
5701151000006118
5701131000006113
5701141000006115
880811000006118
411516014
289874016
215918011
7248451000006116
2871720012
1870401000006113
344818012
6860401000006118
457317011
967761000006115
967761000006115
3563381000006118
4416061000006112
4309831000006110
4421241000006118
7859021000006117
13958161000006119
5602511000006112
5601231000006111
4416351000006112
3563371000006116
97982010
1220817012
289780018
4416081000006119
745971000006116
154080016
154081017
154082012
746031000006110
746041000006117
746021000006112
154089015
154090012
289776011
291985019
310991000006116
907271000006115
880921000006117
988791000006114
880911000006113
880971000006116
880941000006112
880931000006119
4420191000006110
4015541000006118
311021000006113
289963012
880951000006114
291995014
291984015
880961000006111
7328231000006118
6693661000006115
6693111000006110
289773015
311051000006116
745001000006114
745011000006112
746301000006117
510217015
510218013
747131000006114
747141000006116
746311000006119
744991000006119
289769018
4015571000006114
4420201000006113
5601261000006119
5601561000006117
6330981000006111
1815461000006110
6330991000006114
5602611000006113
289756017
4309861000006118
289875015
311311000006115
880981000006118
988781000006111
880781000006115
988771000006113
2168691000000110
4416591000006110
4416471000006110
1222221019
4172251000006113
311351000006119
311361000006117
1815071000006113
2870724014
3020041000006112
3019871000006112
1222219012
5911971000006118
1222220018
344670010
403760010
403710016
289876019
289889013
1216396015
314521000006116
880821000006114
880831000006112
880841000006119
4420351000006118
4016131000006113
292005016
311441000006112
311431000006119
2849381000006116
4309351000006113
4309331000006118
7069581000006116
7356691000006117
8042011000006111
5095271000006118
7356671000006118
5031591000006112
6997041000006117
7364311000006115
50949017
126918018
94699019
110346017
4172501000006111
4309311000006112
291953017
291887011
5141671000006119
14073371000006114
6585711000006118
6692641000006112
6692811000006114
7315981000006111
6693541000006115
5599631000006118
13498451000006115
13793381000006119
289591011
289601010
311521000006118
289580016
292028015
292031019
731621000006113
311511000006114
289595019
289598017
289594015
289596018
731691000006110
289600011
289599013
289592016
6204551000006117
4173571000006113
458201000006115
4020881000006112
311591000006116
4393561000006115
6861741000006118
215915014
289754019
445586018
4309701000006110
154183017
154184011
154185012
728591000006117
728571000006118
728581000006115
154192019
154193012
289750011
4309281000006110
292175017
289826016
289829011
311671000006118
728721000006111
4255921000006118
4172471000006116
4172261000006110
5567551000006115
5970661000006117
4753071000006111
4753031000006113
5911951000006111
289820010
7069571000006119
5608051000006117
4016391000006114
289842011
289845013
289832014
4395121000006117
728781000006110
289831019
728771000006112
289847017
289846014
5602911000006119
6955611000006112
5608041000006119
289830018
291910017
1229648010
5971001000006115
291900014
291943018
291905016
291894014
291891018
311461000006111
291902018
5914251000006115
291907012
311561000006112
311601000006112
5914291000006114
1234197011
3254991000006117
291914014
1230392016
311801000006113
311611000006110
311641000006114
311571000006117
311811000006111
311581000006119
291903011
311621000006119
2806901000006114
1222289015
403759017
311631000006116
1230828016
403761014
2529491000006110
311871000006119
4309371000006115
311881000006116
215912012
1232576019
3550221000006113
311911000006116
4757371000006118
291892013
13918131000006119
291913015
289793011
4309891000006114
4016441000006113
289781019
1230838014
3312281000006117
289987014
727811000006111
725221000006111
403705015
289849019
396621000006114
289867014
720161000006119
215916010
445587010
396101000006112
5600821000006119
4415691000006118
414253015
123978016
3713291000006112
13674401000006115
5567561000006118
4415631000006117
4415681000006116
7334771000006117
13674391000006117
13674381000006115
1216016010
716871000006112
4420081000006111
289783016
289786012
289789017
289785011
289787015
289784010
716911000006110
289791013
289790014
6861851000006110
291977011
312101000006110
2715221000006118
291959018
2872860018
2870725010
4415581000006115
289949018
312231000006113
4310081000006111
3358901000006111
292077011
292065018
1815061000006118
291997018
289919015
13660051000006110
289917018
289933015
292062015
312961000006113
880881000006113
880891000006111
880901000006110
292053017
292083014
304151000006118
5602341000006119
313001000006116
7057441000006111
6864501000006112
7295021000006118
414252013
1815261000006114
1815241000006110
344820010
313271000006116
3408441000006115
695561000006118
880801000006116
4042751000006114
3408501000006116
6864641000006110
289739013
291955012
2663191017
313301000006119
313311000006116
4310071000006113
4042871000006113
157075017
683691000006113
289738017
683721000006115
289727017
3532636014
289892012
289912012
1216572014
3108791000006116
880851000006117
880861000006115
880871000006110
292032014
3108801000006115
289905015
1228269013
3068691000006115
313381000006111
3408471000006111
4172951000006115
683191000006119
3019771000006115
344819016
313391000006114
289974015
3109051000006115
313621000006115
6865511000006114
4395351000006112
4395401000006116
4395431000006112
4395591000006110
4395451000006117
679581000006115
679181000006114
678881000006114
292039017
5970551000006115
4309391000006119
4415761000006117
7881991000006111
289726014
673611000006113
157686016
157688015
289721016
673681000006118
157692010
289717011
314041000006116
5912081000006112
1815051000006115
853831000006113
1815451000006113
2168861000000117
2839871014
4309411000006119
291963013
825721000006115
7352211000006113
314061000006117
400011000006119
587201000006115
2529511000006116
406154013
14172191000006110
7348441000006114
7353601000006119
7353891000006113
7355181000006117
7359061000006114
7354171000006119
7367811000006115
5601571000006112
5601441000006117
2707081000006115
312137011
404441000006117
405081000006118
405091000006115
289955011
289959017
1815091000006114
292169014
289873010
289971011
292185016
289881011
289888017
292177013
289713010
1815431000006118
289926015
289930017
292181013
289907011
289911017
292041016
292178015
1815491000006119
289934014
289960010
292182018
289613017
292174018
292173012
1815231000006117
289813015
292170010
3517129013
6692731000006111
6692711000006117
2659756011
2549571000006110
5602711000006117
13674411000006117
1227575015
460266010
1216360019
1227576019
1216362010
1216361015
1216363017
1227577011
345781000006116
474604011
1815631000006115
7716791000006117
7048071000006112
7048121000006112
2824991000006116
201743012
292017019
1216014013
4052981000006119
292014014
11908671000006118
1231541019
3408461000006116
6623111000006119
6870291000006119
291974016
2669201000006117
315441000006114
291969012
7859011000006113
315461000006113
4172921000006112
451430017
225051000006119
315471000006118
18484012
2669191000006115
315481000006115
4180021000006119
62489011
3789091000006116
220511000006117
6692741000006118
3636384014
378524011
5601361000006112
4416751000006113
14075341000006119
14084821000006112
6962281000006116
6968461000006113
12049801000006116
5971031000006111
5591251000006111
5971051000006116
13529241000006112
6671211000006111
14145561000006117
1815421000006116
13908031000006118
12026931000006114
6693471000006112
6940871000006113
6940861000006118
6693411000006115
7959721000006110
6632971000006115
6693351000006114
6635071000006113
7859031000006119
6960371000006112
12005511000006110
7299901000006110
7769051000006116
1216015014
202801000006110
4420051000006115
4173701000006113
2168671000000111
2168661000000116
4416411000006118
291909010
5340221000006117
2951261000006114
13979761000006114
13979711000006111
13931271000006111
315911000006118
315921000006114
315931000006112
315941000006119
289590012
291923012
1211679013
315951000006117
169581000006112
157745018
157746017
157747014
289585014
289582012
169651000006115
157751011
157752016
289581017
289614011
315971000006110
315981000006113
315991000006111
316001000006112
6377241000006110
5600991000006113
5600981000006110
3052171000006117
1815251000006112
316171000006117
3140161000006119
2168831000000110
2578361000006119
289749011
1230735015
146651000006118
289743012
289746016
289742019
289744018
289741014
146721000006119
289748015
146741000006114
289740010
6693321000006117
13685981000006112
13685961000006119
5912001000006115
6843741000006110
7118591000006115
6843711000006111
139571000006117
316711000006113
7057421000006116
2669181000006118
12011571000006118
5601001000006114
12008581000006113
4415611000006111
6692951000006118
317011000006112
289968015
291988017
289880012
292009010
4753241000006113
289924017
317101000006113
289901012
292035011
289980011
1815391000006112
2872133010
6580381000006117
5601461000006118
5600851000006111
13853161000006115
7858981000006112
7527551000006112
4416331000006117
207325017
2549621000006113
11902611000006112
414151014
7385871000006116
289948014
317571000006112
6585631000006115
344806015
1220820016
344657018
2168481000000111
81401000006110
81411000006113
81421000006117
81431000006119
81441000006112
81461000006111
81471000006116
81481000006118
292193016
4760001000006116
2168841000000118
3072941000006113
293358014
293380012
318171000006118
3072911000006114
3754061000006115