251636018
283466015
283467012
283470011
331522012
331523019
331524013
331525014
331526010
331528011
331542015
331546017
331555019
331561016
331574010
331586013
331587016
331589018
334616010
334642010
334643017
334644011
334645012
334668015
334669011
334670012
334805018
334817016
334853019
334864016
334886015
334897015
334908015
334931015
334943019
334956014
336131016
369784017
404265013
404266014
404287016
458925017
460423017
1484900017
1488407019
1488408012
1780423014
1780424015
1780425019
2475831012
119501000006119
119511000006116
119521000006112
119531000006110
119541000006117
119551000006115
119561000006118
119571000006113
119581000006111
119591000006114
119601000006118
119611000006115
119621000006111
119631000006114
119641000006116
119651000006119
119661000006117
119671000006112
119681000006110
119691000006113
119701000006113
119711000006111
119721000006115
119731000006117
119741000006110
119751000006112
119761000006114
119861000006116
119871000006111
119891000006112
119901000006111
119911000006114
119931000006115
119941000006113
119951000006110
119961000006112
119971000006117
119981000006119
119991000006116
120011000006112
120021000006116
120071000006115
120081000006117
120091000006119
120101000006113
120161000006114
120171000006119
120181000006116
120191000006118
222681000000117
250291000006113
253981000006114
345851000000113
366461000006115
376401000006114
391121000006110
391131000006113
391141000006115
391151000006118
391161000006116
391171000006111
391181000006114
391191000006112
391201000006110
391211000006113
391221000006117
391231000006119
391241000006112
391251000006114
391261000006111
391271000006116
391281000006118
391291000006115
391301000006119
391311000006116
391321000006112
391331000006110
391341000006117
392211000006115
392221000006111
392231000006114
392241000006116
392251000006119
392281000006110
392291000006113
392301000006114
392311000006112
392321000006116
392331000006118
392341000006111
392351000006113
392361000006110
392371000006115
392381000006117
392391000006119
392401000006117
392411000006119
392421000006110
392431000006113
392441000006115
392451000006118
392461000006116
392471000006111
392481000006114
392491000006112
392501000006116
392511000006118
392521000006114
392531000006112
392541000006119
392551000006117
392561000006115
392571000006110
392581000006113
392591000006111
392601000006115
392611000006117
392621000006113
392631000006111
392641000006118
392651000006116
392661000006119
392681000006112
392691000006110
392701000006110
392711000006113
392721000006117
392731000006119
392741000006112
392751000006114
392761000006111
392771000006116
392781000006118
392791000006115
392801000006119
392811000006116
392821000006112
392831000006110
392841000006117
392851000006115
392861000006118
392871000006113
392881000006111
392891000006114
392901000006113
392911000006111
392921000006115
392931000006117
392941000006110
392951000006112
392961000006114
392971000006119
392981000006116
392991000006118
393001000006117
393011000006119
393021000006110
393031000006113
393041000006115
393051000006118
393061000006116
393071000006111
393081000006114
393091000006112
393101000006118
393111000006115
393121000006111
393131000006114
393141000006116
393151000006119
393161000006117
393171000006112
393181000006110
393191000006113
393201000006111
393211000006114
393221000006118
393231000006115
393241000006113
393251000006110
393261000006112
393271000006117
393281000006119
393291000006116
393301000006115
393911000006118
393981000006113
393991000006111
394001000006119
394011000006116
394021000006112
394031000006110
394041000006117
394051000006115
394061000006118
394071000006113
394081000006111
394091000006114
394111000006117
394121000006113
394131000006111
394211000006111
394221000006115
394231000006117
394251000006112
394261000006114
394271000006119
394301000006117
394341000006115
394351000006118
417701000006118
417721000006111
417731000006114
417741000006116
417751000006119
417801000006114
418121000006111
426011000006110
428251000006115
498561000006113
539941000006110
776131000006110
776421000006115
851561000006119
854651000006117
902521000006116
902531000006118
902541000006111
902561000006110
902571000006115
902581000006117
902591000006119
902601000006110
902611000006113
902621000006117
902631000006119
902641000006112
902651000006114
902661000006111
902671000006116
902681000006118
902691000006115
902701000006115
902711000006117
902721000006113
940461000006119
940471000006114
971271000006116
981161000006110
981171000006115
991081000006119
1157631000000118
1807681000006114
1807701000006112
1809451000006113
1821291000006113
1821301000006114
1872921000006114
1981261000006115
1992111000006118
1992121000006114
2151491000000111
2151531000000111
2659761000006115
2870481000006117
3019541000006118
3402101000006114
3402121000006116
3402131000006118
3404271000006117
3404281000006119
3606501000006117
4082431000006119
4540081000006117
4911911000006118
4912041000006110
4912071000006119
4912101000006112
4912141000006114
4912221000006112
4912231000006110
4912251000006115
4912351000006114
4934371000006115
5172921000006116
5172931000006118
5179191000006112
5179201000006110
5179211000006113
5179221000006117
5179241000006112
5179251000006114
5179261000006111
5179271000006116
5179281000006118
5179291000006115
5179301000006119
5179311000006116
5179321000006112
5179361000006118
5179431000006115
5246951000006110
5252401000006117
5252431000006113
5252621000006113
5513141000006117
5513181000006111
5513511000006112
5531911000006114
5561371000006113
5595031000006111
5692031000006111
5692171000006110
5697541000006110
5722791000006114
5722801000006110
5722811000006113
5722821000006117
5722861000006111
5722911000006118
5731481000006113
5814161000006119
5814181000006112
5814201000006113
5814211000006111
5814221000006115
5814241000006110
5814281000006116
5814321000006110
5814361000006116
5814371000006111
5814641000006113
5814691000006116
5814721000006114
5814741000006119
5814761000006115
5814831000006116
5814901000006118
5814921000006111
5815001000006118
5815141000006117
5815211000006110
5815231000006116
5815241000006114
5815251000006111
5815341000006119
5815361000006115
5815561000006110
5815601000006110
5815811000006114
5815831000006115
5815891000006116
5815911000006119
5815931000006113
5816461000006117
5816891000006110
5816911000006112
5816951000006113
5817581000006111
5818541000006116
5818571000006112
5818711000006110
5819261000006110
5820771000006112
5821971000006118
5822021000006113
5822241000006111
5822261000006110
5822301000006118
5822491000006115
5822531000006115
5822611000006110
5822691000006117
5823141000006111
5823161000006110
5823191000006119
5823211000006118
5823231000006112
5823251000006117
5823311000006110
5823331000006116
5823351000006111
5823371000006118
5823411000006117
5823431000006111
5823521000006112
5823541000006117
5823601000006118
5823661000006117
5823681000006110
5823741000006110
5823761000006114
5823801000006117
5823821000006110
5823981000006119
5824061000006114
5824081000006116
5824211000006116
5824231000006110
5824261000006118
5824281000006111
5824421000006111
5824901000006114
5824981000006117
5825001000006114
5825061000006110
5825111000006111
5825441000006117
5825461000006118
5825521000006111
5825831000006112
5825921000006117
5825961000006111
5825981000006118
5826141000006118
5826441000006111
5826581000006118
5826721000006114
5826741000006119
5826761000006115
5827281000006119
5827321000006113
5827361000006119
5827371000006114
5827581000006116
5827761000006118
5827771000006113
5827781000006111
5827791000006114
5827811000006113
5827831000006119
5827851000006114
5828181000006111
5828371000006110
5828391000006111
5828501000006114
5828611000006113
5828691000006115
5829401000006117
5829481000006114
5829631000006111
5830081000006111
5830181000006112
5830531000006119
5830761000006115
5831161000006114
5831211000006117
5831311000006114
5831331000006115
5831411000006116
5833271000006113
5833331000006119
5833351000006114
5833601000006116
5833621000006114
5833861000006119
5833881000006112
5834261000006116
5834311000006111
5834331000006117
5834341000006110
5834351000006112
5834391000006118
5834481000006113
5834741000006111
5835611000006117
5835831000006110
5837511000006114
5837521000006118
5837531000006115
6047261000006111
6515631000006118
6880991000006117
7232861000006118
7975821000006116
8075281000006117
8133761000006112
8194891000006118
11776601000006114
11917271000006116
11917431000006116
11917541000006110
11917601000006114
11917641000006112
11917651000006112
11917661000006110
12471141000006118
12471651000006110
12472341000006114
12716141000006112
12719341000006120
13796551000006112
14171171000006116
14358141000006112
14358151000006110
14358171000006116
14446021000006112
14446031000006114
14446051000006120
14685971000006112