1761241000006114
2155841000000118
353575013
487571000006116
499971000006117
1227540015
303401012
7629961000006118
3312561000006112
127487019
303410016
683211000000113
1680591000006117
557071000006112
12066941000006110
12070041000006115
12070031000006113
12064771000006114
12061221000006116
303409014
95368015
69895016
3507191000006112
17930015
1232261014
353580016
5086651000006118
286879013
288170016
557081000006110
7966981000006110
8032261000006117
582851000006119
8029551000006113
2156971000000110
994011000006111
286862019
1227541016
3574421000006117
459860017
3574441000006112
1786360015
669601000000113
1680731000006114
1977011000006113
820791000006114
350841000000119
354081000000114
4596181000006111
84516016
459095018
2118321000000118
8301811000006116
2474329018
939481000006116
2146441000000113
2146461000000114
2146501000000114
2146521000000117
416053012
820881000006118
416054018
1786403019
1676391000006116
1739601000000111
994021000006115
1686831000000111
1686831000000111
12618221000006116
683911000000119
1680661000006114
1488891017
1766481000006112
1783609017
5086601000006117
257841016
723291000000119
1680701000006118
2693857014
3038537014
2157051000000119
288169017
6349671000006112
7328421000006117
303407011
426451000006118
109733012
61061000006116
1227539017
303517016
303516013
303515012
3574401000006110
286882015
286876018
286871011
286868015
264367013
460192013
3574451000006114