166496014
4428421000006118
5008431000006112
2843771000006118
503571000006119
933201000006114
1660221000006115
1786081000006116
1786091000006118
4084241000006117
883081000006112
113392018
3610801000006115
2262521000000110
7572421000006118
1715221000006117
3667101000006110
5008401000006116
5008421000006114
5008411000006118
1708841000006115
1716421000006114
4060411000006112
158459012
1743431000006111
7525821000006114
345367011
3636895011
345361012
4769831000006110
297338014
1573091000006118
4060421000006116
2868221000006114
7965981000006118
299347013
631181000006113
5008391000006118
5008371000006119
14472851000006110
4084251000006115
1756651000000117
222451000000113
1786101000006112
8090591000006119
299339013
931891000006117
4084211000006116
2839331010
828201000006113
8038351000006110
3610821000006113
2281911000000119
5008521000006113
3610811000006117
8080041000006115
1754211000000113
8156931000006113
297403013
3510584014
311711000000114
305093012
8038031000006118
3667111000006113
7309291000006119
2838283014
7271981000006114
3636480016
211241000006115
30355011
5008451000006117
8038371000006117
3610791000006116
3610791000006116
3196761000006114
416176013
7864921000006114
7864931000006112
2501361000006119
1786078018
359201000006116
1675571000006116
1757331000000118
7375261000006117
1977851000006118
65811000006110
299346016