4966010
7352015
13930016
31024015
32510010
41260017
49979014
52687019
54528017
64806013
66808012
74978012
74980018
76457017
83392011
87396010
88895015
100727014
102101010
103423013
109026015
110413010
121486017
125534015
127958011
145340019
178602018
251728017
254465015
254466019
254467011
254468018
254469014
275291010
275293013
275294019
275295018
275296017
275299012
275300016
275301017
275302012
275307018
275315015
275316019
275320015
275325013
275327017
275328010
275344018
275345017
275346016
275352015
275354019
275355018
275362010
275363017
275364011
275365012
275369018
275371018
275372013
275373015
275374014
275375010
275380018
275382014
275383016
275388013
275390014
275392018
275393011
302717013
302729016
302738019
302747010
302748017
302754016
302764013
302766010
302767018
302772010
302773017
302783018
302786014
302787017
302791010
302792015
302794019
302796017
302797014
302798016
302800011
302801010
302802015
302808016
302810019
302811015
302816013
302817016
302819018
302822016
302827010
302830015
302832011
302836014
302837017
302838010
302839019
302840017
302884017
302885016
302886015
302905017
302908015
302909011
302910018
302911019
302912014
302913016
302914010
302915011
302916012
302920011
302921010
302922015
302923013
302924019
302925018
303756013
303758014
353794017
353797012
353815010
353826016
393474016
393475015
393476019
393477011
393479014
396354017
396356015
410872018
411193014
411194015
411196018
411197010
411198017
411935016
429110010
430182013
445740018
460737013
484531014
1222272011
1234053014
1776212014
1776213016
1776299016
2474694012
2536953015
2537491016
2549710011
2676339018
2691953015
2694577015
3522012015
3522014019
3522023016
3522025011
3524738011
3524740018
3526659011
3526662014
3545508019
3620652013
3620945013
3620947017
3620949019
3620955012
3620959018
3620961010
3634326011
3634337012
3634340012
3634341011
3634377016
66981000006118
67061000006112
79601000006118
79651000006119
80511000006116
80521000006112
80531000006110
80551000006115
80611000006115
80621000006111
80631000006114
80651000006119
80781000006116
80791000006118
80801000006117
80821000006110
80831000006113
80841000006115
80851000006118
80871000006111
134621000006118
134651000006110
142231000006110
162701000006116
172681000006114
172691000006112
172931000006119
173011000006116
173021000006112
173031000006110
173041000006117
173051000006115
173061000006118
173071000006113
176191000006119
176201000006116
176211000006118
176221000006114
179031000006113
180901000006116
205991000006117
206001000006116
206011000006118
206021000006114
208931000006110
208941000006117
208951000006115
267941000006115
383001000000113
383021000000116
399211000000117
399231000000113
405101000006114
413911000006113
510951000006113
510961000006110
510971000006115
510991000006119
511061000006117
511071000006112
511091000006113
511111000006116
511291000006117
511301000006116
511311000006118
511331000006112
511341000006119
511351000006117
511361000006115
511381000006113
545531000006113
622171000006119
647081000006118
647101000006114
668611000006111
668621000006115
668671000006119
668681000006116
668811000006112
714841000006112
715371000006113
736361000006117
739341000006112
739351000006114
778441000006114
778451000006111
778471000006118
781271000006116
820271000006117
872931000006112
872941000006119
872951000006117
872961000006115
872971000006110
872981000006113
872991000006111
873001000006112
873011000006110
873021000006119
873031000006116
873051000006111
873061000006113
886141000006112
886151000006114
886161000006111
886171000006116
886181000006118
886191000006115
886201000006117
886211000006119
886221000006110
886231000006113
886241000006115
886271000006111
906201000006111
907951000006115
932691000006113
933051000006116
933061000006119
982791000006111
989181000006118
989191000006115
990771000006112
990781000006110
991641000006117
1552001000006116
1552011000006118
1552021000006114
1552031000006112
1552071000006110
1552081000006113
1552091000006111
1681681000000116
1767901000006113
1767911000006111
1767921000006115
1767941000006110
1767951000006112
1922531000006113
1988701000006119
2480961000000112
2555631000006110
2577761000006117
2608791000000115
2608831000000110
2619951000006110
2657261000006119
2701101000006119
2725941000000116
2726081000000115
2726131000000115
2726141000000112
2726201000000117
2726321000000119
2726451000000117
2726461000000119
2726491000000113
2726551000000118
2726581000000112
2726631000000114
2726641000000117
2726661000000116
2726671000000111
2726701000000110
2726781000000117
2726791000000115
2726881000000114
2727061000000110
2727181000000119
2727301000000114
2727361000000113
2727511000000115
2727691000000113
2727751000000114
2727811000000117
2727901000000110
2728451000000116
2728831000000114
2728851000000119
2728861000000116
2728921000000119
2728941000000114
2728951000000112
2728981000000118
2737891000006117
2742211000000118
2742511000000115
2748891000006117
2774481000006110
2794541000006112
2933671000006119
3125921000006118
3125931000006115
3218041000006110
3292241000006116
3317291000006116
3347451000006119
3351531000006117
3351541000006110
3362681000006116
3409661000006111
3410981000006115
3498471000006114
3590431000006116
3597781000006112
3637161000006117
3688241000006117
3692191000006119
3724121000006114
3830201000006117
3870371000006116
3940551000006111
3964181000006114
3971801000006117
4179451000006118
4179461000006116
4216551000006115
4374341000006117
4410801000006116
4424461000006115
4679991000006119
4680011000006111
4680091000006118
4680131000006116
4680151000006111
4680181000006115
4680201000006119
4680241000006117
4680281000006111
4680301000006110
4680381000006118
4784781000006116
4784821000006110
4784881000006114
4784961000006112
4784981000006119
4785071000006117
4785101000006110
4785161000006111
4785171000006116
4785191000006115
4785221000006110
4785241000006115
4785251000006118
4785531000006111
4785541000006118
5088711000006111
5088731000006117
5088741000006110
5088761000006114
5088811000006119
5088821000006110
5088841000006115
5088861000006116
5088881000006114
5088961000006112
5088971000006117
5118281000006117
5118361000006117
5118411000006113
5118561000006112
5118581000006119
5118611000006110
5118651000006111
5118711000006119
5118721000006110
5118751000006118
5162821000006118
5492921000006114
5570971000006111
5727781000006113
5727801000006112
5887991000006118
6029191000006118
6146331000006117
6857661000006112
6857731000006112
6857811000006110
6857841000006114
6858871000006119
6858881000006116
6858941000006117
6860201000006119
6867101000006111
6872711000006118
6872721000006114
6872791000006111
6872801000006112
6879971000006118
7106611000006112
7317831000006110
7488951000006118
7488961000006116
7488971000006111
7489021000006119
7489031000006116
7489471000006111
7495481000006112
7495531000006110
7495611000006115
7584381000006111
7584391000006114
7604341000006114
7642321000006119
7642341000006114
7678941000006111
7784121000006111
7784141000006116
7784151000006119
7784161000006117
7784461000006113
7784571000006119
7784591000006118
7784621000006116
7784641000006111
7790311000006113
7836131000006113
7967741000006117
8018991000006110
8255631000006110
8255641000006117
8255651000006115
8257021000006112
8297601000006117
8297611000006119
12021841000006116
12021861000006116
12023461000006120
12023491000006110
12059621000006112
12059631000006110
12059701000006114
12064681000006118
12126071000006116
12126081000006120
12720011000006116
13510841000006112
13628721000006114
13792201000006112
13792211000006112
13792221000006116
14179731000006118
14179751000006112
14179761000006110
14179781000006116
14420811000006114
14460971000006120
14460991000006118
14623531000006114
14623551000006120