18472010
34556015
59588016
60444016
70653017
72934016
75410014
82584011
90135019
94251011
100438013
107545013
109700019
110659019
132655012
138527014
139475013
139481017
139482012
141306010
142397010
143003017
145620019
147247018
150511013
206703015
216184014
216207010
251680018
270768010
270769019
270778013
299650019
299654011
299655012
299673010
299675015
299796018
299851018
299853015
300032019
300038015
300040013
300041012
300042017
300052018
300053011
300054017
300055016
300057012
300061018
300062013
300179017
300180019
300190010
300910013
300911012
300912017
300916019
350413012
395756011
395766015
395767012
395768019
395772015
396391011
411506018
419130013
451426015
453099015
460126017
490972013
493287011
498953012
510016018
1484917012
1484918019
1488804017
1489358014
1495417010
1778232017
1778488011
2159197017
2533628012
2533629016
2533630014
2548316014
2549089012
2549208013
2616470012
2616471011
2616472016
2616473014
2645623019
2674238014
2675255018
2816931010
2816932015
90421000006112
138971000000111
139061000000114
139071000000119
223981000000118
226181000000110
303361000000111
308041000000118
308231000000118
308261000000111
308301000000118
311561000000117
370261000006111
370271000006116
370281000006118
404741000000119
406801000000118
407001000000113
407041000000111
407061000000112
407081000000115
407101000000114
407441000000115
478111000006114
504901000006118
728671000006119
741661000006118
741681000006111
741701000006114
784191000006110
789941000006117
818821000006110
833381000006119
884131000006114
884211000006114
1165041000000115
1539481000006114
1539521000006114
1539531000006112
1539541000006119
1561941000006119
1561951000006117
1647701000000118
1661371000000112
1705371000000116
1746171000000119
1784061000006118
1816101000006113
1856361000006116
1856371000006111
1856381000006114
2115781000000114
2117931000000116
2122191000000110
2205951000000117
2227501000000110
2585431000006117
2664351000006113
3023081000006113
3182531000006110
3182541000006117
3182551000006115
3182561000006118
3229421000006114
3283871000006117
3552501000006119
3589241000006116
3713561000006119
3800291000006115
3859091000006114
3859111000006117
3868341000006118
3886041000006118
3886061000006119
3886071000006114
4005301000006110
4193361000006119
4540521000006111
4776141000006112
4777091000006118
5056831000006119
5573991000006118
6043761000006113
6611081000006118
6615851000006116
6615891000006110
6873341000006113
7056281000006118
7119751000006110
7119761000006112
7250571000006113
7251291000006119
7251481000006118
7321121000006119
7484711000006114
7510321000006115
7573171000006116
7573181000006118
7573191000006115
7573201000006117
7573211000006119
8048061000006111
8214751000006115
8290471000006114
8303561000006119
11998421000006120
12623611000006114
12626351000006112
12734351000006110
13910671000006110
13971301000006112
14015051000006114