862881000006111
461831000006114
477891000006110
269034017
3932891000006119
5721281000006111
315777018
581561000006112
29070015
582521000006113
215501000000113
78380019
484451000006116
5055191000006116
886261000006116
989151000006114
886251000006118
67185017
619621000006110
302858011
94252016
619651000006118
458433011
3867941000006118
3867981000006112
2648321000006119
12626101000006114
1551331000006118
3147019
6349581000006111
269178012
3905151000006116
3867991000006110
3867931000006111
6349561000006118
139434018
453304014
906211000006114
453232019
178751000006113
453233012
453234018
5634121000006111
823321000006115
3940551000006111
3657021000006111
3657061000006117
773051000006113
4657461000006112
458424014
2474727019
716661000006118
5089041000006119
6207621000006115
674321000006111
4785271000006111
3867961000006119
5634091000006112
3867971000006114
2648311000006110
269035016
2557181000006112
2557231000006117
2557171000006114
2557221000006115
3289231000006119
1551361000006110
181031000006116
4657521000006119
2987401000006112
184656013
269036015
3358061000006111
3680301000006112
269033011
269030014
2648351000006111
4657431000006115
2987391000006110
178931000006116
269032018
394122016
6207971000006114
6207961000006119
2536380019
2557211000006111
5089031000006112
302849016
453235017
5089021000006114
4374351000006115
353834010
5089011000006118
862871000006113
396355016