1761311000006118
287021015
103844015
6973461000006110
5093691000006119
3515781000006117
365853018
4200801000006118
3515761000006110
474391000006110
474401000006112
879271000006114
925451000006113
6728911000006119
908851000006113
3994511000006112
496781000006111
496791000006114
152322017
337231000006117
1761401000006113
13937951000006117
287029018
5588851000006115
6973421000006116
7710381000006117
376571000006116
14669521000006116
1573641000006119
2802031000006116
5084691000006117
4742831000006112
1786774013
389001000006116
1784247014
1540131000006112
459601018
388991000006116
825711000006111
1816791000006117
825731000006117
2168331000000117
287025012
287024011
1814931000006110
287032015
825791000006118
389011000006118
287027016
389021000006114
287031010
288174013
288178011
1815001000006119
288182013
288190013
1814951000006115
288177018
1814921000006112
288186011
825841000006115
2622348012
389101000006117
389111000006119
825861000006116
3904971000006113
3904971000006113
825881000006114
825891000006112
4085591000006113
257855012
1741791000006119
8411221000006116
6972261000006119
6054511000006115
906841000006112
3951401000006118
4327411000006115
4280421000006113
1977041000006112
2584581000006118
215913019
2802021000006119
8022731000006117
4596341000006119
1121631000000110
264371011
288173019
6601991000006118
2393891000000111
143288017
4742821000006114
1907841000006110
2302501000000114
1907851000006112
1907831000006117
1907861000006114
4742841000006119
825871000006111
829221000006112
1121571000000111
1878411000006113
4596351000006117
1715721000006111
1539901000006113
4327391000006115
1924211000006112
3082061000006116
3951391000006115
603931000000114
829181000006115
287012016
287020019
4327441000006116
825771000006119
317670010
287014015
288185010
287023017
1761351000006117
1761361000006115
1762141000006110
1762131000006117
1761381000006113
1762151000006112
825721000006115
264418012
825831000006113
2229631000000112
287022010
288191012