25680012
25785014
25788011
70962017
73470015
73473018
80699013
100850012
100854015
100856018
100857010
113719012
121849011
121916015
141844010
251667016
253157015
253161014
253163012
253168015
255426014
255427017
255428010
255433014
255434015
255435019
255436018
267384010
267405013
267406014
267423017
267426013
283069016
283070015
283071016
283072011
283305018
283308016
286780017
299200018
299208013
299235016
299236015
299240012
299241011
299242016
299243014
299244015
299245019
299247010
299248017
299255015
299259014
299261017
299262012
299264013
299265014
299266010
299270019
299271015
299539014
299549012
299550012
299551011
299553014
313148014
313149018
313159017
313164018
313177010
348075014
348076010
356109017
356110010
356118015
377153018
394050019
399502012
399507018
399508011
400791015
407075014
411470013
411844019
413668018
419723011
419724017
423945013
457008018
460635011
460695014
460872015
460886016
470343013
477221017
481000011
502417018
512317011
1233307015
1234118017
1234119013
1234121015
1484996016
1488593014
2675903011
2675904017
2675905016
2693867016
2695992016
2773231012
2882346015
148351000006111
148551000006115
181191000006116
185541000006117
207971000006112
220001000000116
298231000000110
360731000000111
360771000000113
361091000000119
378241000000119
396151000006111
412821000006119
414941000006110
415211000006116
423881000006117
578361000006118
587171000006119
608101000006118
622201000000110
623251000006112
633701000006118
669051000000119
700951000006112
733941000006114
772531000006119
822981000006112
883771000006111
883821000006115
883831000006117
883891000006118
883901000006119
918681000006119
918701000006116
918711000006118
918721000006114
931921000006111
982621000006118
987421000006118
989081000006119
1173591000000110
1173611000000119
1173631000000110
1173651000000115
1173671000000112
1542751000006117
1542761000006115
1542771000006110
1542791000006111
1586391000006119
1586401000006117
1586411000006119
1586421000006110
1668111000000114
1776751000006116
1779881000000115
1846681000006117
1848531000006116
2006281000006110
2226281000000117
2226301000000116
2226361000000117
2226381000000114
2264121000000111
2264161000000115
2267571000000111
2267601000000116
2410391000000119
2440051000000118
2440101000000118
2440141000000115
2440231000000116
2496941000000110
2636241000006117
2740701000006119
2740721000006112
2740731000006110
2740741000006117
2740751000006115
2740761000006118
2740771000006113
2985701000006112
2985711000006110
2985721000006119
3209511000006111
3301521000006110
3301551000006118
3486051000006114
3486091000006115
3486101000006114
3486111000006112
3614181000006114
3649791000006119
3693771000006111
3761211000006116
3761251000006115
3890851000006110
3890861000006112
4062831000006115
4301731000006118
4301741000006111
4301751000006113
4574411000006111
4650601000006112
4650621000006119
4775301000006119
4775341000006117
4775371000006113
5033011000006110
5033021000006119
5033031000006116
5033041000006114
5484931000006119
5696501000006110
5754981000006118
5754991000006115
6204331000006118
6204341000006111
7174871000006118
7210661000006112
7316471000006114
7375631000006111
7976771000006115
11902971000006110
12457891000006112
13789701000006112