312190010
2696261000006111
49080014
4409721000006111
858491000006118
4831641000006113
499661013
653231000006118
3536641000006118
266359015
654031000006113
5110491000006118
803261000006111
4646951000006116
266354013
8120711000006115
111289013
3267151000006111
723441000006116
6246971000006115
266361012
266360013
140466019
41211000006118
830981000006111
293766019
266358011
4409711000006115
858521000006116
5723321000006116
291448017
291447010
6246991000006119
5354891000006112
497501011
2288751000000110
2645091000006114
858501000006114
858471000006119
4392311000006117
4392341000006118
88639010
266357018
246211000006119
4646961000006119
60663012
4027211000006115
5723331000006118
151534010
266356010
129770011
858481000006116
2696281000006118
4646941000006118
63791000006110
63791000006110