1409014
1529013
3135013
12496011
47076011
53452019
54939014
60444016
64168014
64282015
80224019
84111015
84112010
90135019
93494011
99042012
99047018
107545013
108730018
109700019
110659019
131046010
143003017
251674014
253532015
262960017
264467014
264471012
264472017
264485019
264486018
272388018
299650019
299654011
299655012
299665018
299673010
299675015
299676019
299677011
299678018
299680012
299681011
299682016
299683014
299684015
299686018
299687010
300869017
300870016
300871017
305764016
305818015
331291010
331302012
395751018
395753015
405053013
411508017
411919011
443764015
451424017
1780252014
1780253016
1780318013
1780319017
2159168015
2478822013
3636695013
3636696014
19411000006110
19421000006119
19431000006116
19441000006114
19451000006111
39871000006113
151161000006115
158241000006117
176921000006118
176931000006115
176941000006113
176951000006110
176961000006112
176971000006117
176981000006119
212961000006118
212971000006113
212981000006111
212991000006114
213001000006110
213011000006113
213081000006118
213091000006115
213101000006114
213111000006112
350601000000116
351341000000118
351361000000117
351481000006111
356121000006111
404471000006113
504761000006115
504781000006113
504791000006111
504801000006112
504811000006110
504821000006119
504831000006116
504901000006118
504911000006115
523801000006119
530221000000112
728671000006119
728681000006116
741661000006118
741681000006111
741691000006114
741701000006114
789941000006117
789961000006118
789971000006113
789981000006111
789991000006114
790001000006110
790011000006113
790031000006119
790071000006116
790091000006115
790121000006116
790131000006118
884121000006111
884131000006114
887811000006117
909441000006118
931161000006119
1131851000000118
1846941000006119
1846961000006115
1846991000006111
1905501000006116
1908711000006115
1908721000006111
2193021000000110
2193031000000112
2193971000000110
2631141000006115
2639781000006114
2670511000006119
2737251000006112
2951231000006117
3105841000006112
3117411000006118
3117421000006114
3117451000006117
3117461000006115
3117481000006113
3117491000006111
3117501000006115
3117511000006117
3117521000006113
3119661000006114
3128041000006117
3250801000006112
3296351000006114
3437381000006110
3468491000006113
3468501000006117
3470001000006117
3529151000006119
3563421000006111
3565371000006115
3595861000006116
3595901000006111
3642801000006112
3671691000006112
3710191000006113
3781691000006113
3784371000006115
3898601000006112
3902031000006117
3950631000006119
4356081000006115
4540441000006117
4738411000006117
4775831000006118
4775861000006110
5999791000006119
6349461000006119
6592161000006112
7103581000006114
7276911000006114
7278171000006116
7550401000006110
7609711000006110
7696031000006114
8016541000006110
8030421000006114
8030431000006112
8030441000006119
8030451000006117
8041701000006119
8044061000006119
8286321000006117
8286581000006114
8298681000006113
8439981000006118
8439991000006115
8440001000006117
8440011000006119
8459521000006112
9897511000006110
12115621000006112
12626361000006112
12734361000006112
13688011000006110
14639941000006112
14666061000006112