265692011
300242011
300244012
300253017
300257016
300276019
300277011
300287010
300406018
300407010
300935019
300936018
300939013
300956017
345675012
481028017
483988011
495394013
496232015
502878012
503469016
2548554013
3507359016
3507370011
3507383012
122371000006118
123441000006112
123481000006118
123491000006115
123511000006114
123521000006118
149551000006111
163261000006119
426231000006114
428181000006115
503791000006114
605471000006112
744901000006114
744921000006116
746571000006116
748941000006115
884421000006119
989201000006117
989211000006119
2622631000006114
2622651000006119
2832651000006111
2832661000006113
2841141000006111
2841151000006113
2841171000006115
3346051000006110
3719851000006116
3719861000006119
4056931000006116
4056951000006111
4777811000006117
4777861000006119
4777871000006114
4777881000006112
5011291000006119
5011331000006114
5011351000006119
5011411000006113
5011421000006117
5011431000006119
5583101000006116
5589641000006112
5589651000006114
7951271000006116
8453031000006117
12223101000006118
12223111000006116
12223121000006112
12223131000006114
12761901000006116
13909901000006120