56765016
56770011
72962011
107644019
302322010
302937016
302939018
302940016
302941017
302946010
302947018
302953018
302956014
302959019
302961011
302962016
303761010
303762015
309743013
309744019
309833017
309836013
396357012
411543016
435370011
488238014
496249010
496332018
497569010
1222351011
1227776017
1495442018
2532950019
2532953017
2532958014
2579429013
2872721013
85891000006115
85901000006116
85931000006112
179501000006113
179521000006115
179571000006119
601031000006119
601091000006115
696071000006114
886291000006112
906051000006118
1816421000006112
2559781000006115
2559801000006116
2621151000006116
2621161000006119
2726621000006117
3047391000006119
3047411000006119
3047421000006110
3113541000006111
3113551000006113
3316751000006117
3316771000006110
3316811000006110
3346671000006113
3346691000006114
3346711000006112
3351321000006113
3351341000006118
3351351000006116
3414681000006119
3420891000006119
3553391000006113
3668441000006118
3774141000006118
4411741000006119
4784091000006115
4784111000006112
4785581000006112
4808981000006112
4809351000006111
5085621000006118
5085631000006115
5574431000006111
6582841000006118
6664401000006118
6664411000006115
6839121000006119
6839131000006116
6853111000006114
6853131000006115
6916411000006110
6916421000006119
7060761000006112
7060771000006117
7260561000006112
7294371000006118
7959171000006110
7988831000006117
7988841000006110
8035641000006112
8463921000006112
14195011000006120