4782081000006114
301612014
7635751000006118
3064351000006114
301530014
301840019
3103601000006113
301532018
477131000006116
301533011
150191018
301713014
2860341000006111
350120014
1726601000006114
37941013
301552017
111723011
24973018
2732761000006118
2732781000006111
14610012
301527019
1233152013
474828010
4426671000006115
2692491000006117
20833017
142162019
130626012
1786505011
6608781000006113
1773271000006114
2156690018
885371000006113
301613016
7532731000006111
301575012
301609011
301610018
556271000006115
3336411000006117
3336411000006117
2973161000006118
49227017
885331000006110
28128015
5055241000006116
83019014
7783511000006114
7627151000006113
196654011
474819014
1772931000006114
621121000006112
2670341000006112
7701591000006116
5054941000006114
4782051000006118
301611019
7068171000006116
6298461000006110
885441000006113
178500017
7059121000006115
2796661000006115
31510012
4782341000006118
311496011
3336391000006117
13777461000006118
3657901000006117
1773261000006119
121968010
22508019
113506011
32511014
29395011
815341000006115
303524015
287032015
3282201000006119
189221016
301534017
301841015
885481000006119
75302014
301709019
1786131000006116
492658013
786581000006114
5054591000006110
4378221000006110
301758015
2676188013
1747711000000111
3527101011
107470010
3551861000006113
207831000006116
5054951000006111
4782481000006115
301720019
301716018
1566351000006110
3687771000006118
311291000006119
3213201000006110
3213191000006112
1772941000006116
1224939016
1235159019
3423211000006118
301555015
3154151000006111
87088014
78272011
2164029012
1773251000006116
254002014
254003016
3145221000006111
269761000006112
142869013
3613101000006115
301528012
301531013
301699016
301712016
38841000006113
301852014
413231000006111
301853016
477659017
3888321000006110
3888281000006116
141566014
350121013
219651000006116
301562012
907501000006111
301563019
301557011
301558018
301838012
301839016
2511231000006117
3689711000006118
219821000006112
219921000006115
4781201000006119
301559014
301561017
211391000006118
350255018
2860351000006113
7627141000006111
6220591000006112
85960018
885491000006116
909731000006117
5605501000006116
5054871000006112
885431000006115
5055111000006114
1786171000006118
13455018
1786545019
162301000006117
1778239014
8102191000006119
4782401000006112
499259012
141591000006118
301556019
2411019
79212010
85415012
124281000006119
121482015
149374011
4782361000006119
7532701000006115
2475606014