17271015
29059010
74969018
78890015
84855011
137830014
140638018
143534011
148639013
148640010
198990011
251894019
257385013
282927013
293658016
293660019
293662010
293665012
293666013
293678012
293679016
293683016
293684010
293691013
293703013
293704019
293709012
293710019
293711015
293714011
293727010
293737017
293740017
293741018
294411013
294435015
294439014
294440011
296970014
351427013
351428015
371204018
398902012
398903019
398905014
399239014
399240011
399241010
399243013
452781013
481559011
482838012
484842011
495839010
500241011
1216993016
1224034011
1234786015
1777625018
1786202010
53821000006111
96071000006117
100341000006117
111721000006119
146001000006114
146011000006112
186501000006111
389521000006119
389531000006116
411031000006119
453461000006113
461221000006110
474241000006113
474261000006112
474271000006117
487321000006110
540601000006112
574181000006118
574381000006116
574921000006119
574931000006116
574941000006114
585091000006112
589121000006113
616061000006115
633031000006112
649701000006117
675981000006110
676001000006114
676011000006112
746221000006115
746241000006110
784721000006114
784731000006112
786491000006113
881851000006111
1850921000006113
2132421000000116
2618391000006114
2640511000006118
2657551000006119
2870551000006114
2870571000006116
2870591000006115
2870601000006111
2870611000006114
2870621000006118
2895001000006116
3004901000006110
3004911000006113
3004921000006117
3004941000006112
3081251000006115
3081261000006118
3081281000006111
3265021000006114
3324911000006115
3486791000006118
3571231000006115
3616361000006113
3838531000006114
3838561000006117
3907521000006113
3941711000006112
3941731000006118
4315091000006117
4760731000006114
4760751000006119
4760771000006112
4760811000006112
4760861000006110
4762621000006119
5065921000006113
5066341000006110
5260721000006111
5931191000006114
6601371000006115
6933341000006118
7264591000006111
7480761000006117
7480771000006112
12053971000006116