10374011
17479015
36300015
63896011
63898012
68472012
73229015
73230013
76004014
91352015
94131019
96285014
107550019
108541018
108872013
110901011
121704017
127638013
127639017
129954018
131704013
133918015
137189016
146555015
148214012
151009017
198204019
251223010
295633011
295661017
295662012
295664013
296557014
296565012
296574014
296586012
296592018
296643017
296657015
315463017
315607013
345138018
345281011
345782015
377070012
377071011
378493013
378494019
378496017
378499012
378500015
401902015
401909012
405348014
405349018
413177014
460622019
481636010
507246016
1224878018
1224879014
1224880012
1229637015
1229639017
1231577014
1232445010
1233229018
1234038018
1234349019
1234352010
1234503010
1234728017
1494665012
1780251019
1780502018
1782780019
2474674015
2474708013
2474709017
2478440016
2534201018
2548475019
3505252012
9881000006115
79051000006114
88271000006113
88351000006114
88361000006111
88371000006116
88381000006118
137341000006114
146051000006113
158401000006118
161411000006117
189601000000111
189611000000113
201751000006110
212911000006116
212921000006112
215821000000119
222101000000116
222121000000113
222131000000110
222141000000118
223481000000110
239991000006111
302051000000118
302211000000112
376941000006116
386751000006111
395051000006119
395061000006117
395071000006112
398201000006115
398231000006111
398241000006118
398251000006116
398381000006119
398391000006116
398411000006116
398651000006118
398661000006116
398761000006113
398771000006118
398781000006115
398811000006118
398821000006114
404851000006117
404861000006115
411791000006118
417681000006116
423361000006118
423481000006119
423491000006116
423501000006112
423511000006110
423521000006119
424971000006111
426521000006114
426531000006112
426541000006119
426591000006111
426611000006117
430061000006113
430071000006118
430081000006115
431231000006115
600251000000118
600811000006111
628281000006114
636711000006113
667621000006119
696701000006117
696731000006113
700071000006118
718341000006111
751221000000117
785941000006115
787151000006113
829441000006116
829841000006118
882761000006114
882771000006119
882781000006116
882791000006118
882801000006117
893481000006117
906941000006119
908941000006118
968201000006114
988941000006119
1009521000006116
1009531000006118
1009551000006113
1009581000006117
1009601000006110
1009611000006113
1009661000006111
1009681000006118
1009691000006115
1129781000000117
1129811000000119
1142901000000119
1158321000000112
1162851000000116
1162891000000112
1162931000000119
1164251000000114
1175631000000111
1177021000000114
1177051000000116
1550041000000110
1550051000000113
1673591000006119
1694831000006112
1704791000006112
1705901000006118
1741521000006113
1741551000006116
1741561000006119
1755011000006114
1755021000006118
1755031000006115
1786311000006113
1823961000006113
1856981000006110
1873371000006115
1887331000006119
2008481000006110
2114791000000110
2153641000000116
2296351000000113
2528311000006116
2528331000006110
2528351000006115
2589171000006110
2730191000000119
2730211000000115
2730231000000111
2730271000000113
2730291000000112
2730311000000113
2730351000000112
2730371000000115
2730391000000116
2730411000000116
2730431000000112
2740341000000113
2740451000000116
2740461000000118
2740521000000110
2740551000000117
2740581000000111
2835541000006116
2875061000006113
2887931000006119
3003301000006113
3003361000006114
3155151000006112
3155171000006119
3161031000006112
3161041000006119
3161051000006117
3161061000006115
3207111000006114
3207351000006113
3334491000006116
3334501000006112
3462421000006114
3493641000006112
3493681000006118
3528631000006110
3552561000006118
3562061000006117
3562141000006117
3565521000006114
3640931000006110
3750051000006112
3790911000006117
3790971000006114
3813051000006112
3910901000006110
3910951000006114
3936451000006114
4164891000006115
4193701000006119
4193711000006116
4196581000006114
4538731000006118
4830941000006112
5012461000006115
5012471000006110
5031301000006110
5114941000006113
5127861000006118
5326081000006114
5339911000006112
5571391000006115
5591451000006112
6348371000006113
6682941000006119
7519871000006119
7520191000006112
7525391000006116
7558081000006114
7558801000006110
7560021000006117
7560111000006112
7614731000006115
7740511000006113
7743651000006117
7747191000006111
7759751000006114
7769521000006118
7774181000006117
7780351000006110
7780911000006113
7781071000006113
7781091000006114
7781471000006115
7782211000006118
7782551000006115
7785901000006115
7788461000006116
7788761000006111
7789681000006118
7789701000006115
7791131000006110
7791151000006115
7791221000006119
7791271000006118
7791501000006114
7792761000006113
7792771000006118
7803961000006117
7804931000006111
7809711000006116
7809781000006111
7810331000006116
7810891000006112
7811801000006113
7813691000006118
7827461000006112
7828621000006116
7829441000006119
7832001000006117
7842691000006118
7842741000006116
7865911000006117
7881411000006110
7881921000006114
7952761000006111
7952891000006114
7957681000006110
7959471000006116
8337561000006119
12002941000006112
12009301000006116
12009551000006112
12009571000006116
12009911000006120
12010231000006112
12011221000006116
12022541000006112
12027071000006112
12047711000006118
12073641000006116
12077271000006118
12081281000006116
12321891000006112
12702211000006116
12703941000006116
13491161000006116
13492091000006116
13493791000006114
13494421000006116
13494971000006112
13497341000006114
13501631000006112
13503121000006120
13503701000006112
13510661000006110
13520601000006116
13521831000006120
13522491000006112
13522641000006120
13522651000006116
13522691000006112
13525931000006114
13530051000006112
13530061000006110
13572191000006116
13621171000006116
13622001000006116
13622051000006116
13622561000006112
13622571000006118
13624181000006116
13632231000006116
13662101000006112
13697811000006116
13784441000006120
13939301000006114
13963471000006120
14072761000006112
14132561000006112
14134231000006112
14135491000006110
14152591000006118
14152831000006120
14153041000006114
14163361000006116
14507171000006112