50260017
96069012
119059013
133921018
141288010
178599011
251900019
269972012
269973019
269974013
269983015
270022016
270029013
270030015
270198010
270201017
270203019
270204013
270205014
270206010
270207018
270208011
270209015
303207013
303208015
303209011
303224019
303299016
303301011
308397019
308398012
308399016
361551016
394202010
410941016
1233999019
2164128018
40001000006115
107941000006119
122671000006112
188931000006114
201211000006116
201301000006110
215451000000110
221081000000118
225881000006119
245671000006119
245691000006118
484291000006111
493951000000118
612701000006119
654181000006110
654191000006113
654201000006111
749131000006115
760731000006115
761311000006118
770961000006118
864231000006117
886401000006116
886411000006118
932601000006118
2692551000006112
2983541000006117
3438731000006114
3665641000006113
3734191000006113
3744961000006116
4786401000006111
7360551000006117