4044018
7302012
11267010
21289010
24192017
30226018
30458014
48003016
49567015
52980015
57989014
83834016
99549014
103853010
120980011
123999018
126721013
251929017
268812014
268819017
268827014
268885015
268957016
270232016
270233014
270234015
286862019
286867013
286868015
286869011
286870012
286876018
286882015
293190013
293191012
300775019
300776018
300779013
300784019
300993011
303377014
303387013
303388015
303389011
303391015
303393017
303399018
303404016
303414013
303419015
303420014
303425016
303433015
303435010
303437019
303439016
303440019
303441015
303442010
303452014
303453016
303456012
303458013
303463012
303464018
303465017
303490015
303491016
303497017
303499019
303512010
303515012
303516013
303517016
303518014
303521011
303527010
303531016
303532011
303614019
303779014
303781011
303783014
303785019
314015017
324976011
325079010
352929018
353594015
353595019
353596018
353597010
353613017
353621011
353625019
353627010
394102015
396390012
396391011
396392016
396393014
396394015
451124014
451442010
453265010
456800015
460651015
477604016
493707012
504762019
1216060010
1786709019
1786715019
2159899016
2534188017
2576980018
2579818016
2619492010
2675247013
2676200013
2695729013
2819666013
3515305014
3532180010
1601000006112
31211000006119
55851000006118
114801000006118
163571000006112
211821000006111
221111000000114
221131000000118
225661000006111
358961000006119
359011000006113
376141000000113
395261000006113
432411000006115
476611000006116
480671000006116
500401000006116
538081000000115
538101000000114
538121000000117
550431000006116
553311000006111
555881000006114
603321000006118
708811000006119
731231000006114
737961000006116
739931000006118
740781000006110
803921000006113
803941000006118
803951000006116
803961000006119
820381000006112
822591000006117
851341000006110
862761000006111
862771000006116
864281000006116
864291000006118
886501000006115
987751000006119
990631000006117
1544611000006117
1709341000006117
1736361000000112
1786201000006119
1786211000006116
1854791000006116
2781011000006119
2781021000006110
2783891000006116
2786011000006112
2816671000006112
2816681000006110
2847631000006117
2960621000006118
2960641000006113
2960651000006110
3002261000006111
3010811000006111
3059381000006110
3059491000006115
3165681000006118
3165691000006115
3206871000006111
3315041000006111
3315061000006110
3473251000006118
3515871000006112
3705771000006116
3713561000006119
3713571000006114
4353641000006110
4355091000006112
4656741000006118
4656781000006112
4656791000006110
4657131000006113
4657171000006111
4657181000006114
4661751000006118
4661791000006112
4779691000006115
4779721000006113
4787861000006113
5086481000006111
5086501000006118
5086841000006119
5087201000006117
5524681000006114
6349661000006117
6947461000006115
6947471000006110
7133411000006113
7266931000006113
7630871000006114
7700651000006119
7743871000006114
7743881000006112
7821651000006119
7966981000006110
8032261000006117
8458711000006115
12031691000006112
13954441000006116
14146411000006112
14146421000006116