909671000006112
7497121000006112
6635851000006111
3526139011
7484451000006119
545461000006117
3327151000006113
2959311000006118
2959301000006116
314929018
590281000006112
3271321000006115
8195291000006118
5957031000006115
11639541000006111
2637871000006111
651071000006113
653661000006113
13791821000006110
276026013
393534013
393538011
276024011
5062711000006111
5126621000006111
802141000006112
5339081000006116
583571000006118
583571000006118
6636721000006119
222081000000110
827101000006119
737311000006118
8197101000006110
2003871000006115
2003881000006117
2003891000006119
2003901000006115
2003911000006117
351008011
8197111000006113
2986381000006114
2986381000006114
5059971000006117
7312421000006112
7567721000006119
9835451000006114
6680281000006115
6680261000006113
7372971000006111
2986431000006118
2986431000006118
7573871000006112
4995291000006119
1660201000000118
1660201000000118
7567711000006110
3988001000006114
7515511000006112
7515531000006118
8195631000006115
7515551000006113
7515571000006115
7573311000006111
874561000006118
7515651000006114
2614621000000117
2613951000000118
8193481000006116
4995051000006116
8193471000006119
884941000006119
9835441000006112
6680171000006113
6680291000006117
9835421000006117
9835491000006115
6680271000006118
7223931000006110
6668581000006117
6680251000006111
6680311000006118
9835391000006113
9835471000006116
7372981000006114
7372961000006116
3754111000006119
3754111000006119
1783746013
5300551000006117
308882012
2278851000000112
2288411000000115
12300581000006114
222091000000112
8191951000006117
8191961000006115
395808014
300819013
8197121000006117
6680331000006112
3033161000006118
211481000006113
208981000006111
6631071000006111
3754131000006113
6635821000006119
1776811000006114
5949771000006114
8195641000006113
1156251000000114
5954721000006110
8278051000006118
453401000006112
5944471000006118
5944461000006113
2297741000000112
1890371000006116
1890371000006116
8191981000006113
2838423010
1839071000006117
1908611000006111
106311000006119
3363151000006114
98491000006112
5942051000006114