299475014
5501831000006117
5031201000006119
297755010
455408014
14071371000006113
14077471000006114
78571000006118
5501771000006111
113323018
5501811000006111
142778013
298202019
5501781000006114
6866121000006116
5240021000006115
6041551000006115
6023141000006113
12003621000006119
13992901000006111
5030181000006111
266995016
527211000006111
297737018
3565841000006117
7021141000006110
6702661000006117
394026016
2536335015
6023641000006118
6023671000006114
6041321000006119
7809111000006115
3434951000006111
4060971000006112
5240381000006118
14504561000006117
5912691000006117
552681000006116
552701000006118
297919013
6024191000006119
5912701000006117
297950010
5240611000006118
859921000006115
2845471000006112
552731000006114
299470016
5240681000006113
223881000000113
297926013
6023041000006114
5030411000006111
14012991000006110
14013001000006111
297943011
12702351000006114
297942018
297946015
458888018
14015021000006117
14015001000006110
5240631000006112
3735451000006110
3735461000006112
3723461000006114
502961016
6023111000006114
6041301000006112
6022871000006116
6022861000006111
6022851000006114
4771511000006113
3735481000006119
3735471000006117
3735501000006112
6044521000006114
6213461000006116
6213491000006112
42770019
3624481000006112
3624451000006116
5240121000006119
6960201000006114
40635016
313093016
267149015
5027071000006110
6022901000006116
6023151000006110
4771491000006119
4771481000006117
399433012
606861000006112
297816017
611451000006119
4061111000006111
6988141000006118
58416015
267154012
2675910017
378481000000111
616491000006116
6022921000006114
12085761000006116
347657010
13949711000006112
12086331000006116
12086281000006113
12704401000006110
3164631000006115
68809013
6041331000006116
297925012
13987741000006114
6853451000006118
14198731000006115
297949010
14084101000006111
84951000006118
914051000006113
14092441000006112
14072591000006111
9872311000006111
6024141000006111
9872321000006115
14092431000006119
297918017
297898017
14333731000006114
4771581000006118
4771591000006115
5027131000006113
7487251000006110
2675917019
266999010
347337016
31523017
5240141000006114
56136018
8210451000006115
8210461000006118
8210471000006113
6045851000006116
5478331000006117
2537365016
6866151000006113
89954012
6381131000006111
5885381000006110
410919016
317829011
6853541000006119
7952891000006114
5027061000006115
6947011000006114
267156014
504884014
4649721000006119
1704801000006113
6853441000006115
938321000006116
14083771000006118
14084001000006112
938301000006114
938331000006118
3121381000006117
42768011
5030641000006112
6022531000006117
5240571000006111
138336014
5240541000006115
6041341000006114
12224911000006115
14077861000006116
297888011
2769506017
6588681000006110
6588671000006112
6529641000006117
6020011000006115
6020021000006111
6020031000006114
6866161000006110
5030471000006119
6588711000006111
5030361000006115
251652015
5239131000006113
479008012
3312491000006115
6955271000006117
5239701000006118
5239141000006115
821281000006110
297940014
3710401000006112
821321000006116
821421000006110
13716801000006112
297745011
2796731000006115
297835017
298875010
7024401000006116
6044531000006112
6041471000006114
456826013
1744641000006119
6019991000006111
6041311000006110
5239311000006116
7513771000006113
771491000006110
913471000006110
2674330016
2676362016
2676363014
5240391000006115
2966431000006116
2966441000006114
297776017
14158801000006113
6799491000006116
5027281000006118
6041411000006117
6022941000006119
14077871000006111
6022951000006117
4771701000006116
753461000006116
2551951000006113
454274018
6630621000006113
361651000000115
262911010
4622791000006112
262910011
856641000006113
483862012
5240091000006118
5239991000006110
5126881000006114
5240031000006117
731291000006113
6024151000006113
6024161000006110
5240131000006116
5585251000006114
3099731000006117
7001411000006110
3177471000006115
7526741000006119
347639014
6020001000006118
5481181000006119
6022971000006110
486663012
2303331000000119
9835751000006118
9835721000006110
9835701000006117
5240041000006110
5240181000006115
5240191000006117
6022571000006119
8210441000006117
731331000006118
2515501000006112
3099701000006113
5030581000006117
2792451000006118
5240231000006110
5240201000006119
5240211000006116
3511443018
5030551000006113
383181000000116
5240151000006111
2164671014
1780341000006110
12086321000006119
2159980012
2159979014
7954111000006117
61849013
703191000006114
6041431000006111
4061161000006114
5240561000006116
297746012
5030341000006119
5030351000006117
7954101000006115
7954131000006111
6022521000006115
9906721000006116
6853501000006116
14173011000006112
297725015
297724016
297726019
297723010
6866111000006112
6630821000006112
587111000006111
297521000006119
6023131000006115
1484888013
1484887015
1488434016
2532971012
934251000006110
2159876015
278101000006112
255338018
255342015
6760411000006117
6044471000006111
5031471000006112
6045981000006117
297729014
297731017
297730016
6515451000006111
6546981000006111
361381000000119
378121000000117
378461000000119
361281000000111
42741000006119
4773821000006115
3041041000006116
5241021000006111
5241011000006115
5239171000006111
250071000006118
3041031000006114
297778016
399430010
407441000006110
347294012
297750017
297937014
297891011
297893014
297916018
297751018
297753015
16841000006115
299480017
297832019
267153018
383261000000118
13771000006110
383301000000111
267177012
383161000000113
267160012
267137016
299479015
297939012
249191000006114
6020151000006115
489321000000113
361631000000110
6020121000006112
5030781000006112
3177451000006113
297934019
297928014
5031221000006112
5240081000006116
114834015
3624491000006110
3624471000006114
5031401000006118
383141000000112
6955951000006117
6044511000006118
5030401000006113
13789951000006110
297917010
5240401000006118
3422501000006111
5030371000006110
102234018
297822014
5239221000006117
4057601000006116
6208601000006114
503951016
267138014
5240591000006112
347300010
7290141000006117
361261000000119
1129201000000117
5031411000006115
6976401000006115
2546861000006113
297902011
5030671000006116
4823851000006110
6955961000006115
6300081000006118
5027211000006113
6001471000006117
6001461000006112
6001491000006116
198401000006110
4771561000006111
297820018
5240581000006114
456766016
5239951000006116
6023731000006119
297728018
297727011
6353851000006118
378641000000117
2676359019
7844711000006110
3636850016
5239271000006116
267178019
483687015
485133010
5912611000006110
2163130011
5239831000006118
3288891000006112
5239851000006113
3288921000006118
66667015
6986251000006113
67167012
3144121000006117
883251000006113
989041000006113
297742014
297749017
4061121000006115
4061011000006112
297752013
169841000006116
297732012
399429017
2975231000006117
297762018
297878010
2303371000000117
5239821000006116
5239841000006111
5239801000006114
5239811000006112
369092019
6045621000006114
296987011
169891000006113
5239721000006111
5239731000006114
12222171000006117
894991000006110
317828015
3880531000006117
6630611000006117
262909018
297795012
859931000006117
6937671000006112
5239691000006118
3048141000006112
5239671000006119
5239881000006117
399432019
297876014
297872011
859901000006113
987851000006113
5239971000006114
6976311000006110
347719019
5031461000006117
5031441000006116
297834018
7035991000006116
5030221000006119
6973001000006119
1216693019
1231068014
5239981000006112
3581151000006114
170051000006112
140745011
297769010
883261000006110
3434941000006114
2693262016
5239961000006119
5027261000006111
2267781000000118
458246016
361301000000112
360511000000110
360531000000119
360551000000114
2811481000006116
857431000006116
8210131000006117
297744010
5031421000006111
6973011000006116
6976321000006119
7040651000006112
297915019
6020161000006118
6020131000006110
2929071000006111
859601000006115
2929051000006118
155851000006114
2671861000006112
156021000006119
3072631000006114
152271000006111
100812018
6589161000006116
6589151000006118
378601000000115
64862013
399676018
2620873012
3378951000006113
13992881000006114
2478696015
130403010
3342911000006114
6947021000006118
65007012
6017231000006114
6630721000006117
5501801000006113
5030441000006110
5030451000006112
5240551000006118
4771571000006116
4771551000006114
3735521000006119
5240271000006113
749971000000114
6969951000006111
5239151000006118
5240241000006117
5240161000006113
5240221000006112
6979141000006116
7070811000006111
475607010
5240101000006112
3735541000006114
6853531000006112
8210261000006119
3735531000006116
3227591000006117
107231000006115
297847011
3511444012
1493852010
73569018
3058831000006112
1228202019
5030541000006111
2474291014
378561000000115
361171000000119
84401000006113
913481000006113
84581000006117
938311000006112
914061000006110
297914015
399439011
297680019
297669019
297818016
297743016
297722017
5617561000006110
6023091000006117
6023701000006110
87431015
3963661000006112
149249010
14168371000006119
9326791000006118
5240431000006114
3793841000006115
6964071000006118
2449761000000114
7024821000006111
2882991000006117
2538088014
6884331000006113