303686010
303687018
303690012
317724012
411383013
1772803017
1785538011
125791000006113
131661000006114
221181000000119
1119251000000112
1651841000000119
1651921000000116
1655141000000110
1689381000000112
1689421000000115
1745891000006111
1747701000006119
1747711000006116
1854901000006114
3230001000006118
3230021000006111
3576341000006113
3992891000006113
5063551000006110
5063631000006116
6567641000006119
6567671000006110
6567681000006113
6567711000006114
6567721000006118
6567821000006113
7281951000006112