317237014
397867018
1780376015
293027018
3893791000006115
293956015
7068841000006116
5117611000006114
309011015
317962019
317964018
309212017
12113041000006110
292973013
356924013
6357581000006116
317244017
317245016
906011000006119
2622348012
7115841000006115
7115821000006110
7679141000006118
460779019
1817101000006110
12111621000006110
8312781000006113
3515759010
7359841000006118
96824017
5256031000006117
396681000006113
306906019
719531000006118
719541000006111
292606016
396661000006115
719561000006110
719601000006110
719571000006115
292612014
719591000006119
720311000006119
396671000006110
719471000006119
719481000006116
356936019
292971010
702101000006112
292972015
700101000006111
526361000000113
3087291000006118
3087281000006116
49761016
5912371000006112
5653291000006118
5690891000006119
253562014
1488904016
253687013
272551000006116
4551821000006117
7089241000006111
16651000006119
253051000006119
5256251000006115
398822010
216301000006117
4788031000006111
306114012
3446741000006116
292961013
398823017
5117581000006118
293952018
96244016
5117541000006112
293056018
293057010
2978681000006110
3395801000006115
282576010
5256021000006115
3563441000006116
981741000006110
960561000006110
1715211000000118
78581000006115
317963012