3704012
27148012
35572018
84190018
138122012
154231019
155060012
170673014
173816012
173821010
173823013
173825018
173833017
251569011
274480013
289009011
289011019
289012014
289013016
289014010
289015011
289017015
289019017
289021010
289022015
289023013
289024019
289025018
289026017
289027014
289028016
289029012
289030019
289031015
289033017
289034011
289037016
289039018
289040016
289041017
289042012
289043019
289044013
289045014
289046010
289047018
289048011
289049015
289050015
289051016
289052011
289053018
289054012
289055013
289056014
289057017
289060012
289063014
290856018
291588012
291607010
291617017
292116013
292118014
292203017
292204011
335843013
380000017
403754010
409844012
454085011
457109011
459501013
459719019
1217052018
1217053011
1217054017
1218988010
1221446018
1229572014
1230100013
1231028010
1232189017
1234193010
1235301017
1235785014
1235786010
1235798017
3526034015
305231000006118
305741000006115
308181000006118
310951000006110
310961000006112
311951000006115
311971000006113
311981000006111
312251000006118
312281000006114
312291000006112
312851000006119
313651000006112
314051000006119
316791000006115
316801000006119
317201000006115
396171000006118
711081000006111
711111000006117
711121000006113
711171000006114
711181000006112
727731000006113
728201000006110
855531000006114
880151000006112
880161000006114
880171000006119
880181000006116
880191000006118
880201000006115
990551000006111
1694771000006118
1694781000006115
1697891000006116
1960001000006118
2438511000000112
2438551000000111
2438591000000115
2438631000000115
2438671000000118
2438711000000117
2438751000000118
2438791000000114
2438871000000117
2438911000000115
2438951000000116
2513181000006113
2532021000006114
2532031000006112
2769471000006119
3098181000006114
3142071000006112
3216591000006111
3216601000006115
3338911000006110
3338941000006114
3398261000006112
3398271000006117
3494641000006114
3494651000006111
3931271000006112
3931311000006112
3931331000006118
3931341000006111
4016591000006117
4016611000006111
4016621000006115
4016631000006117
4016651000006112
4016671000006119
4016691000006118
4016701000006118
4016771000006112
4016781000006110
4016801000006114
4024231000006119
4024251000006114
4024271000006116
4024281000006118
4024291000006115
4024331000006110
4024341000006117
4024361000006118
4024371000006113
4024401000006111
4024411000006114
4024441000006113
4024451000006110
4161781000006113
4161801000006112
4161811000006110
4161831000006116
4162001000006110
4162061000006111
4162211000006118
4255531000006110
4255541000006117
4414111000006115
4539441000006114
4748961000006113
4749171000006112
5349281000006110
5349301000006114
5349321000006116
5349351000006113
5349361000006110
5352471000006118
5354371000006118
5354501000006119
5354511000006116
5354651000006119
5512081000006116
5512111000006110
5590011000006111
5590021000006115
5591061000006117
5591081000006110
5911801000006118
5911811000006115
6052291000006115
6364881000006115
6364891000006117
6365751000006116
6568451000006118
6568461000006116
6568471000006111
6568491000006112
6568501000006116
6568521000006114
6568531000006112
6568541000006119
6568561000006115
6568571000006110
6623411000006114
6623421000006118
6623441000006113
6625901000006116
6626311000006112
6627081000006117
6667081000006114
6667121000006111
6667161000006117
6689631000006113
6689641000006115
6689651000006118
6689671000006111
6689681000006114
6689691000006112
7011781000006113
7344901000006113
7352441000006113
7352781000006110
7352801000006114
7373161000006113
7373171000006118
7503701000006117
7503711000006119
7503721000006110
7503731000006113
7503761000006116
7507131000006116
7507161000006113
7765141000006117
7819591000006115
7820541000006113
7833101000006111
7834981000006119
7835321000006115
7876201000006113
7967941000006119
8456611000006112
8456661000006110
8456721000006112
11777961000006118
12107851000006114
13632761000006116
13685931000006112
13924171000006116
13932211000006112
13932781000006114
13957771000006114
14419461000006112
14499001000006118
14499091000006112