87776016
146604018
146606016
196901010
199615011
252010011
252086010
252088011
252089015
252090012
252091011
295387012
305050012
355429018
396781015
396783017
478075016
496427018
1480833015
1490164018
1491707013
215921000000112
221261000000116
221271000000111
650761000006113
794741000006118
887481000006110
1573461000000112
1629301000006115
3016951000006118
3016961000006116
3355391000006112
3569181000006117
4766391000006112
5493541000006119
5493561000006115
5493591000006111
5721331000006119
5753391000006118
5753411000006118
11904901000006112
12294631000006112
14068111000006118