7595017
7596016
63055014
82623012
93294013
93295014
93296010
98501012
138248010
158460019
251645017
297336013
297337016
297351016
297352011
297354012
297355013
297356014
299338017
345355014
2159945013
221281000000113
235151000006117
700211000006115
1746951000000114
1747081000000119
1763401000006114
1763411000006112
2570161000006115
3789081000006119
3856501000006116
4060381000006114
4060391000006112
4540161000006114
4769891000006114
4769931000006117
5008281000006114
5008291000006112
5008311000006111
5008341000006110
5008351000006112
5034251000006117
5034261000006115
7016071000006117
7073611000006119
7306291000006114
7520391000006114
8038791000006117
12345321000006120