299707016
7571581000006113
299708014
455641000006112
455651000006114
13935201000006115
299719012
299745015
3699921000006110
7572341000006117
457531000006110
1234005010
6841231000006113
299711010
94884017
299721019
14145371000006117
8011041000006111
7572301000006119
3381601000006117
3641641000006116
3459561000006119
3551171000006114
299714019
3565871000006113
13935211000006117
3745741000006117
3452181000006112
967931000006114
13935161000006114
6841391000006118
450322013
5056301000006115
1780501013
1218860015
299710011
5056311000006117
5056331000006111
5935321000006111
447324018
1234306015
1780491019
13941211000006118
13941141000006111
13945211000006116
14145391000006116
13947721000006111
13961441000006114
13961461000006113
13945981000006117
13941091000006115
9844051000006118
8087751000006116
7571611000006117
9843961000006118
9843991000006114
14145431000006110
7572321000006112
7572881000006117
12122331000006116
12122341000006114
9843981000006111
9844011000006119
13961431000006116
13941231000006112
13961351000006116
13941161000006110
13961381000006112
13961451000006111
13941111000006112
7571601000006115
7572331000006110
14145451000006115
116992017
2729671000000118
362461000006119
460681000006116
1790731000006117
3427201000006111
299709018
7107851000006112
3202711000006110
4586111000006115
7848541000006112
498031000006112
219521000000119
537751000006115
1576301000006115
1576271000006117
8032161000006112
13930031000006112
616081000006113
109916013
13930051000006117
256455012
4586131000006114
256459018
256460011
256452010
256454011
256458014
256457016
1741591000006110
1741571000006114
6546751000006118
2173281000000112
810821000006112
810811000006116
451369010
813961000006116
4032016
37443015
8087551000006113
1738171000006114
14194821000006118
7510331000006117
14194831000006115
7662871000006115
865031000006114
219531000000117
2855341000006114
2619484018
5056461000006113
1229885017
14132951000006116
7574041000006111
7574081000006117
7084801000006112
9868571000006116
3526080018
2855351000006111
884151000006119
2855301000006112
905351000006113
682481000006118
14194701000006115
14015031000006119
543291000006110
14132941000006118
6043771000006118
6651391000006114
5056411000006110
5056421000006119
5056431000006116
4031011
5056441000006114
299718016
299720018
408571000006116
3024781000006112
230021000006115
458410010
216351000006118
5056941000006119
5056501000006113
3576371000006117
109915012
208365015
455423016
455422014
212061000006119
212071000006114
212081000006112
212091000006110
7848521000006117
7093091000006111
4776171000006116
158601000006116
158611000006118
159001000006119
14057221000006111
2515471000006117
350376014
6651221000006117
299808017
299811016
299812011
299813018
300881018
300882013
118831000006118
7574481000006111
7574491000006114
7572281000006118
7572251000006114
7572221000006117
7572291000006115
100681000006116
299712015
14194711000006117
7848501000006110
67081000006119
7598531000006110