9822014
13165015
52052015
90229010
90263012
107018015
134744017
141723016
142016013
142653015
147444011
297125013
297127017
297130012
297131011
297132016
299304013
299305014
345068012
448235011
486695013
55351000006111
59911000006112
351861000000110
631811000006111
753451000006118
908821000006116
2235001000000111
2235011000000113
3001451000006118
3101701000006117
3101721000006110
3380781000006113
3380841000006114
3381201000006115
3547281000006113
3547321000006119
3875981000006111
3889821000006113
3898661000006113
4405781000006113
5005271000006115
5005421000006117
5005671000006118
5277731000006115
6604281000006112
7689011000006113