41398015
297177019
297179016
297180018
297181019
345223012
1223979019
2475876012
2674605012
2692565012
299241000000110
300141000000119
315671000000110
641211000000118
641301000000114
695191000006119
699671000000115
699731000000110
699791000000111
699911000000117
905781000006118
908811000006112
979461000006111
983261000006119
983291000006110
983301000006111
983311000006114
1148911000000119
1674121000000119
1674381000000115
1674661000000118
1675051000000110
1682241000006111
1747821000006117
1747831000006119
2894411000006110
4769281000006110
5006891000006112
5006901000006111
5006911000006114
5006921000006118
5007011000006110
7045281000006112
7058051000006116
7092351000006112
7510741000006111
7861151000006116