295011010
363211000006112
4764861000006119
296252016
5699411000006119
5251041000006119
2698641000006114
473423017
5250961000006113
5251001000006116
5251021000006114
5250991000006117
5251011000006118
295015018
5250971000006118
3597121000006112
5250981000006115
5251051000006117
296253014
853201000006116
295016017
3600941000006114
500817017
5249951000006117
5249961000006115
5249981000006113
400321000006113
2698661000006113
2698651000006111
4764881000006112
295017014
269821000006113
296255019
400341000006118
4764871000006114
3478621000006118
296254015
5529081000006116
5692211000006112
296251011
423791000006113
423801000006114
295032019
981121000006116
5691311000006111
5128511000006117
2659511000000118
295403014
882601000006118
3871941000006115
2587441000006118
5691341000006110
5932791000006117