1227773013
1216378012
1227772015
5273091000006110
2537812017
14233661000006116
436946011
8270211000006112
2350501000000116
2350541000000118
1735041000000117
285741017
1739381000000113
1979001000006115
1662331000000117
1978861000006115
13668011000006112
6763401000006111
4553741000006118
253848011
6763391000006114
2160062010
36300015
3296771000006117
269399016
394156010
269403013
394155014
269411015
394135013
394136014
530851000006113
370698013
5255791000006110
2364011000000110
2364071000000117
2363951000000111
2871984013
7299071000006115
593991000006114
269156017
2000621000006111
1227771010
461037012
1689541000000114
1749481000006114
293650011
293804010
293634015
2676202017
13965131000006111
1964941000006113
13965141000006118
8231731000006119
8231711000006113
1667961000000113
1667951000000110
1754921000006118
293635019
1808081000006116
14518971000006110
264753018
3370271000006110
7471731000006110
6838641000006113
8106111000006113
7262891000006117
2677191000006116
987761000006117
799781000006113
2650231000006112
269120015
356966014
5117871000006118
1715151000000113
1749561000006115
411561013
397846018
251604013
1227678013
460682016
264756014
4636861000006111
1764881000006117
7489641000006118
7489621000006113
742371000000117
5497301000006117
8106211000006119
881831000006116
3847001000006111
2865221000006115
264752011
34985018
1767571000006110
3527351012
862551000006117
7549831000006112
758201000006114
5485691000006113
1009221000006119
2532982016
7636971000006117
7642441000006118
8284631000006115
637091000000114
2675969012
434770018
7573871000006112
743041000000117
1808111000006110
716651000006115
484706010
74689019
220811000000110
715381000006111
857321000006113
356968010
1901161000006114
253576010
280881000006115
217781000000116
6866991000006116
5273061000006119
5526441000006112
12113161000006113
2350241000000116
12113181000006115
2350261000000115
13926671000006119
1900331000006113
2535065012
907161000006115
293631011
293802014
26111000000114
5686501000006114
2537960015
7758811000006114
1803041000000114
13911231000006116
264769013
401534016
16131000000113
21621000000119
5979481000006117
285750015
14679381000006117
285743019
285749015
270301000006112
5999801000006118
285742012
270311000006110
5192431000006115
270281000006113
270321000006119
270381000006115
2310101000000115
298511000000116
12215291000006110
269147013
269160019
398901017
293803016
269410019
269159012
5912431000006119
394134012
367801000000110
2676217018
2676329012
2535848016
232631000006113
2996491000006115
206821000006116
1785611000000118
1785731000000116
1991711000006112
264768017
2333671000000115
1654301000000110
2303211000000117
1572931000006113
102677012
2676331015
269155018
1753291000006113
1753281000006110
1753301000006114
7722591000006117
2387351000000118
1715251000000119
1757691000006116
8024931000006112
3525284013
451432013
363331000000119
363171000000115
3923931000006118
5077671000006115
2423851000000119
264757017
264758010
264759019
5255821000006118
2996511000006114
857911000006118
2010161000006112