38632019
39894011
61305016
61321014
88121017
93688010
97025012
133678011
137496011
206342017
215917018
215919015
215920014
270731012
270732017
270738018
270740011
270741010
270742015
270743013
270744019
292075015
293369012
293376019
293377011
293384015
294491014
294492019
294495017
294509018
315505011
317591011
317592016
317593014
344846014
344859018
344860011
398873019
414174013
450987014
450988016
458412019
483065013
486571018
494050018
1216509016
1220821017
1229978015
1476383015
2532080014
2535663016
2645960018
2659691014
2870704010
98381000006117
131691000006118
176321000006119
215631000000118
222151000000115
293951000006114
304421000006118
304431000006115
306911000006114
312221000006110
389001000006116
554151000006112
678881000006114
683351000006111
698821000006119
803321000006112
811751000006115
819461000006112
825731000006117
831071000006116
1772941000006116
1815691000006116
2758321000006112
2758331000006110
2866521000006111
2914211000006118
3073421000006117
3197981000006116
3198001000006111
3213191000006112
3213201000006110
3223781000006115
3223791000006117
3358901000006111
3358911000006114
3810361000006116
3848581000006111
3876701000006113
4172801000006113
4173051000006114
4173101000006114
4173111000006112
4173131000006118
4173141000006111
4173171000006115
4378311000006111
4393481000006114
4395041000006113
4395061000006112
4417651000006117
4759991000006114
4762751000006118
4838931000006117
4838951000006112
4838991000006118
5500611000006115
5601531000006114
5601541000006116
5701171000006111
5701191000006112
5701231000006119
5701241000006112
5701271000006116
5701311000006116
5971121000006114
6296791000006112
6512401000006116
6557481000006118
6635271000006119
7336871000006118
7385561000006114
7385591000006118
7762331000006118
7815291000006116
7815311000006117
7815321000006113
11908711000006120
13602261000006116
13970351000006118