8024641000006111
12035751000006114
5006171000006115
5006151000006113
3501741000006110
149347010
1235534016
4768981000006114
542651000006110
542661000006112
297018015
3964671000006119
2510981000006118
13943181000006116
2799051000006116
31772014
73325012
2510951000006114
8342831000006112
295686014
295687017
7263021000006116
41962018
660231000006117
2235011000000113
3591821000006112
6080016
110706014
2679461000006113
1820331000006111
1820351000006116
3891331000006119
3454551000006117
14195861000006111
13637811000006112
7559221000006110
97642017
7853071000006119
2386018
5006031000006119
3484041000006119
254923017
405411000006117
297045019
297041011
299324012
297122011
297120015
37365019
39846012
297108011
2825541000006118
882921000006118
988981000006113
399481000000113
90263012
5005121000006114
3938621000006118
481281019
2854601000006117
5277731000006115
48512013
48513015
297258013
1796511000006118
3511377010
82891015
5010691000006113
3484051000006117
63319012
82759010
4428381000006111
3994641000006112
7784811000006113
7737211000006113
7737221000006117
151586018
297123018
2366181000000114
2366171000000112
125891000006119
125901000006115
48515010
49542018
498788015
100638016
428171000006118
6958371000006116
3573321000006114
1648061000000115
1805751000006115