312683018
312682011
1932111000006112
5144161000006119
293026010
293027018
312690011
5588811000006116
11639581000006117
1485033018
7374771000006115
1715131000006113
455433012
455534015
455535019
455536018
2288631000000113
625381000006110
496578010
3362291000006115
24883018
312159013
1754951000006110
7232181000006119
7232171000006117
668551000000116
1485048012
1485088019
129961019
545121000000114
1485119015
6518201000006119
1485093016
6518361000006111
1485098013
1137811000000114
8043771000006114
2288671000000110
786501000006117
2552271000006117
5144151000006116
312160015
7563001000006116
14156141000006115
1651981000000115
8196251000006116
5144181000006112
312136019
6518511000006119
1485103010
3076981000006115
717841000006118
3021381000006110
557111000000111
556881000000111
3555091000006111
107806013
1485053019
1485055014
1485057018
6517621000006110
6515141000006116
1484866013
3515008018
1122231000000117
6517651000006118
312138018
312137011
453226012
5992471000006115
2460011000000114
1554431000000115
1485046011
1485032011
1485042013
1485035013
1485041018
13639231000006113
1485036014
1485037017
1485040017
1485038010
1485039019
312142015
312157010
1555521000000117
7807571000006110
1485051017
1853181000006117
1485049016
1485050016
40871000006119
40881000006116
40891000006118
312124013
14504931000006119
14153981000006116
14509791000006116
3253881000006112
14501121000006118
14501131000006115
9383961000006112
359833013
129960018
312685013
312684012
312681016
2288751000000110
216206018
13705251000006118
54058015
312165013
312133010
312156018
212431000006119
212441000006112
2475469012
3515006019
5588801000006119
1485061012
2474275011
5650941000006111
5144201000006113
5144261000006114
7573051000006110
461548010
6060721000006117
293025014
30475015
2548871018
7523331000006116
5144231000006117
5144241000006110
3021401000006110
312689019
312139014
3837521000006112
13622711000006115
2288711000000111