295153014
295154015
295155019
295156018
295157010
295228015
295229011
295230018
295231019
295232014
295233016
295290016
295293019
295295014
295296010
295297018
295803018
328544015
328545019
328552017
342446016
342465012
346947018
346949015
346950015
346951016
2164309017
44291000006113
298101000000113
302981000000113
303011000000111
309921000000119
314821000000113
316901000000118
316931000000112
355481000006114
361941000006116
371181000006118
379281000006110
388831000006113
397161000006110
397231000006112
397261000006115
397451000006116
397651000006119
397661000006117
397901000006111
397921000006118
397931000006115
417771000006112
475531000000111
475771000000117
475831000000113
477031000000112
495611000000112
495671000000119
512101000000118
512201000000110
512241000000113
512251000000111
512261000000114
512271000000119
512281000000117
512421000000117
512431000000115
512441000000112
512631000000118
512651000000113
512661000000111
541451000000111
630131000006118
882501000006119
968741000006115
968761000006116
968841000006110
969001000006114
969011000006112
969261000006119
969331000006115
969391000006116
988901000006116
1976611000006118
2292881000000111
2639961000000113
2734421000006113
2734431000006111
3357181000006118
3916701000006114
4979501000006118
4979511000006115
4979521000006111
5023841000006119
5777161000006115
5814791000006111
5814811000006110
5814821000006119
7094161000006118
7104521000006113
7859071000006116
8083281000006114
8083511000006117
8083611000006116
8083631000006110
8083661000006118
8083681000006111
8083721000006116
8084081000006117
8084101000006113
8084121000006115
8085001000006110
8085041000006112
8085061000006111
8089331000006119