59922014
91728013
251795011
255924016
309400018
309862016
309876015
309877012
309878019
309880013
309881012
309884016
309885015
309888018
309889014
309892013
309896011
309898012
309899016
309901013
309902018
309903011
309904017
309911018
309914014
309915010
309918012
309919016
309922019
309923012
309930018
309933016
309934010
309941016
309942011
309945013
309949019
309950019
309953017
309965018
309969012
309971012
309972017
309975015
309976019
309977011
309979014
309983014
309987010
309988017
310010015
310011016
310012011
310013018
310014012
310016014
310020013
310024016
310026019
310027011
310028018
310029014
310034013
310148010
310149019
310150019
310151015
310152010
310153017
310154011
310155012
310156013
310157016
310181011
310182016
310184015
310185019
310186018
310187010
310188017
310189013
310190016
310191017
310192012
310197018
310216015
310217012
310607011
311012018
311013011
311014017
311015016
311016015
311018019
311019010
311020016
311021017
311022012
311023019
311035015
311036019
311563012
312535012
312536013
312537016
312538014
312539018
312540016
312544013
312545014
312549015
312552011
312553018
312557017
312558010
312572018
359168010
359383011
359384017
359385016
359388019
359389010
359399017
359402016
359420013
400175010
400181019
400182014
400183016
400184010
400185011
400186012
400187015
400188013
400192018
400194017
400195016
400196015
400197012
400198019
400264018
400307013
400355013
400356014
400357017
405142017
451903015
457118013
457121010
457122015
1776248011
3517968019
3517972015
3517974019
3526441016
3526589011
3526595012
10331000006119
18051000006110
18121000006117
31031000006115
31041000006113
31071000006117
31091000006116
31101000006110
41261000006115
41281000006113
41301000006112
54641000006115
221491000000111
221511000000115
221521000000114
221671000006119
240071000006115
264471000006113
264481000006111
264501000006118
265841000006115
265861000006116
265871000006111
359211000006118
359221000006114
359231000006112
363841000006110
363861000006114
370721000000116
405841000006115
412741000006119
493021000006115
523461000006116
523471000006111
736171000006110
736701000006117
736711000006119
736781000006114
736911000006116
757071000006113
757291000006118
800731000006117
800751000006112
819391000006114
823951000006111
889861000006112
889871000006117
889881000006119
889891000006116
889901000006117
889911000006119
889921000006110
889931000006113
889941000006115
905311000006112
909181000006117
932071000006116
989341000006110
989351000006112
989361000006114
989371000006119
1785191000006114
1785201000006112
1785211000006110
1839121000006117
2821611000006118
2853461000006115
2853471000006110
3046441000006118
3046451000006116
3083191000006116
3110351000006113
3110361000006110
3205591000006116
3594941000006112
3594951000006114
3594971000006116
3717371000006110
3838811000006118
3838821000006114
3838831000006112
4541351000006118
4580631000006115
4809421000006113
4809571000006113
5140211000006119
5140241000006115
5140251000006118
5140321000006115
5140331000006117
5140351000006112
5140361000006114
5140381000006116
5140411000006118
5140421000006114
5140431000006112
5140441000006119
5140451000006117
5140501000006115
5140511000006117
5140541000006118
5140551000006116
5140571000006114
5140581000006112
5140591000006110
5140601000006119
5140621000006112
5140631000006110
5140661000006118
5140671000006113
5140691000006114
5140731000006118
5140741000006111
5502261000006116
5572121000006111
5986511000006111
6357611000006112
6383391000006113
6383401000006110
6549791000006116
6566761000006110
6566771000006115
6566781000006117
6566801000006118
6566821000006111
6566831000006114
6620001000006110
7278801000006118
7308771000006118
7380001000006110
7519291000006119
7533241000006117
7533361000006111
7533461000006117
7533541000006115
7533651000006117
7533661000006115
7533671000006110
7533751000006110
7569871000006118
7569881000006115
7569901000006118
7691671000006112
8033821000006117
8096351000006115
8096361000006118
8096371000006113
8101991000006113
8102001000006110
8102011000006113
8102021000006117
8102041000006112
8102061000006111
8102081000006118
8103611000006110
8103621000006119
8103651000006111
8103661000006113
8447981000006114
8448071000006113
8448101000006115
8448121000006113
8448161000006119
9489971000006112
9489991000006112
9490001000006114
9490011000006112
9845101000006116
9845151000006118
9845171000006112
9846041000006112
9934091000006116
11860791000006118
11892541000006116
12720161000006120
13687721000006118
13687741000006112
13711241000006116