7967011
8285011
13682017
17967011
19006012
20001010
20135010
22733019
28870010
29240015
30355011
30978014
35209010
35274016
36572013
36573015
38727013
41386013
45403012
48227012
48884013
49155011
52935016
55769019
62220010
68050018
68620010
68961012
71921015
73041019
73788010
75341011
75415016
76126013
80324016
84036012
87886014
88489011
91871010
95394012
97681017
106668015
106745019
107972012
108431018
111573011
118437011
121239018
123644013
125702014
126406018
127546017
128331014
128927013
130158018
130615018
131354016
135200013
136517010
136518017
136713011
137149010
137150010
138588018
139830015
158048010
158058014
178460018
251646016
253939017
276261011
276274017
276277012
276281012
276287011
276291018
276293015
276310015
276312011
276313018
276314012
276319019
276323010
276333019
276340018
276388015
276389011
276390019
276391015
276392010
276393017
276397016
276400013
276401012
276404016
276405015
276406019
276407011
276408018
276411017
276412012
276417018
276418011
276419015
276420014
276434014
276668012
276669016
297148015
297150011
297427010
297428017
297451017
297452012
297453019
297465015
297466019
297468018
299356017
299411011
304177012
304182017
304183010
304184016
304186019
304187011
304191018
305202016
310739010
310740012
310741011
310742016
310745019
310748017
310749013
310766010
310767018
310772010
310778014
310779018
310780015
310781016
310782011
310783018
310784012
310785013
310786014
310787017
310788010
311040011
311041010
311042015
311043013
311044019
311055019
311056018
311057010
311061016
311062011
311063018
311068010
311069019
311070018
311072014
311073016
311074010
311079017
311080019
311081015
311082010
311083017
311084011
311085012
311091014
311093012
311094018
311095017
311096016
311097013
311099011
311100015
311103018
311106014
311108010
311109019
311110012
311111011
311112016
311113014
311114015
311118017
311119013
311130011
311131010
311132015
311137014
311140014
311141013
311145016
311146015
311147012
311148019
311149010
311159011
311160018
311161019
311162014
311163016
311164010
311167015
311168013
311170016
311173019
311174013
311175014
311176010
311177018
311179015
311180017
311181018
311183015
311185010
311187019
311188012
311189016
311191012
311192017
311194016
311195015
311196019
311197011
311216014
311229014
311230016
311231017
311234013
311236010
311237018
311238011
311239015
311240018
311241019
311252013
311305016
311307012
311312013
311320010
311325017
311326016
311327013
311333016
311335011
311336012
311337015
311340015
311341016
311343018
311345013
311347017
311348010
311350019
311352010
311353017
311354011
311358014
311364019
311370013
311371012
311378018
311379014
311383014
311384015
311389013
311391017
311392012
311393019
311396010
311397018
311398011
311414010
311416012
311417015
311418013
311438014
311439018
311441017
311442012
311443019
311444013
311445014
311446010
311447018
311448011
311449015
311450015
311451016
311452011
311453018
311454012
311455013
311456014
311457017
311469013
311474017
311475016
311481012
311485015
311492013
311495010
311501012
311509014
311510016
311513019
311515014
311519015
311520014
311521013
311526015
311687015
311688013
311689017
311690014
311692018
311693011
311694017
311695016
311696015
311704019
311706017
311712010
311718014
311767011
311768018
312177015
312178013
312419019
312420013
312421012
312426019
312428018
312431017
312438011
312445011
312446012
312447015
312448013
312465016
312466015
312467012
312469010
312496013
312497016
312498014
312499018
312500010
312501014
312502019
312592013
312596011
312597019
312598012
312606012
312611014
312612019
312613012
312614018
312617013
312618015
312619011
312620017
312621018
312622013
312625010
312626011
312627019
312629016
312630014
312631013
312647010
312648017
312657011
312658018
312659014
312662012
312663019
312671015
312672010
312673017
312674011
312679018
317098012
317147015
318040019
318384010
318437014
318456016
318465011
318474013
320520016
320525014
320526010
320527018
334283017
334287016
359326018
359327010
359328017
359432012
359433019
359542012
359546010
359560012
359561011
359579010
359589014
359590017
359607015
359624014
359833013
359834019
359835018
359840014
359841013
359847012
359848019
359854018
359855017
359859011
359860018
359971018
394580015
394583018
394590011
394592015
400266016
400267013
400268015
400269011
400271011
400272016
400273014
400274015
400275019
400282015
400295013
400296014
400297017
400298010
400300010
400302019
400303012
400304018
400316012
400338014
401537011
401886016
405096015
405143010
405144016
405344011
415888015
416139010
416142016
416143014
416146018
443295011
451069017
451070016
451463012
451464018
452079017
452080019
452081015
453172019
455431014
455433012
455534015
455535019
455536018
461573010
461574016
461575015
461576019
461577011
461578018
461579014
461580012
461581011
461582016
483645017
484889013
484890016
484892012
493439016
493441015
495671018
496608016
502473014
502479013
508047017
512110018
512112014
1209790019
1228253018
1231110011
1233051016
1481870016
1481872012
1491483014
1492276018
1492281010
1778711014
1780420012
1786699016
1786700015
2157548013
2476044012
2532988017
2532989013
2649445015
2673129012
2674037014
2674323010
2674324016
2674828010
3506316015
3506319010
3515749014
3527381016
3636662019
3636664018
18061000006112
18181000006118
18191000006115
25511000006117
40871000006119
40881000006116
40891000006118
53671000006113
59031000006117
60671000006114
60701000006110
60721000006117
60781000006118
60911000006111
87741000006114
101011000006114
106481000006117
109021000006119
109031000006116
109341000006111
113541000006115
113561000006116
122681000006110
129911000006119
130001000006111
133401000006112
137921000006118
140831000006110
155331000006111
155341000006118
158631000006112
159031000006110
164821000006112
167461000006112
167491000006116
167501000006112
167531000006116
167621000006115
167631000006117
167681000006116
167701000006118
167711000006115
167771000006112
167781000006110
167791000006113
167881000006117
202401000006112
204651000006119
205721000006116
209111000006111
209131000006117
209141000006110
209161000006114
209201000006115
210441000006113
210491000006116
210631000006117
210761000006117
211241000006115
211441000006119
211451000006117
216761000006115
219011000000115
219601000000110
219611000000112
219621000000118
219651000000111
219661000000114
221591000000112
221601000000118
221611000000116
221621000000110
221631000000112
221641000000115
240041000006111
280371000006111
297671000006119
297681000006116
297691000006118
297701000006118
297711000006115
312001000000116
345741000000115
370001000000111
371011000006114
395351000006117
395361000006115
428541000006115
454631000006115
476171000006116
484171000006115
493931000000113
503571000006119
510491000006113
523261000006117
527151000006116
543561000006117
543591000006113
572141000006117
572171000006113
572221000006119
585051000006118
589881000006115
611421000006111
632801000006118
646081000006116
646111000006110
646121000006119
646141000006114
657981000006117
677781000006117
677791000006119
709441000006113
710181000006116
713261000006110
733661000006118
733681000006111
742361000006117
745601000006117
749561000006115
761911000006119
784571000006116
794381000006113
802211000006119
828611000006114
853771000006119
854731000006115
875071000006117
875081000006119
886751000006113
890831000006111
890841000006118
890851000006116
890861000006119
890871000006114
890881000006112
890891000006110
890901000006114
890911000006112
890921000006116
890931000006118
890981000006117
891031000006114
891041000006116
891051000006119
891061000006117
891071000006112
891081000006110
891091000006113
891101000006119
891111000006116
891121000006112
891131000006110
891141000006117
891151000006115
891161000006118
891171000006113
891181000006111
891191000006114
891201000006112
891211000006110
891221000006119
891231000006116
891241000006114
891251000006111
891261000006113
891271000006118
891281000006115
891291000006117
891301000006116
891311000006118
891321000006114
891331000006112
891341000006119
891351000006117
891361000006115
891371000006110
891381000006113
891391000006111
891401000006113
891411000006111
891421000006115
891431000006117
891441000006110
891451000006112
891461000006114
891491000006118
891501000006114
891571000006115
891581000006117
891591000006119
891601000006110
891611000006113
891621000006117
891631000006119
891641000006112
891651000006114
891661000006111
891671000006116
891681000006118
891691000006115
891701000006115
891711000006117
891721000006113
891731000006111
891741000006118
891751000006116
891761000006119
891861000006112
892401000006119
892481000006111
892671000006111
906561000006114
932311000006110
932321000006119
932731000006117
933371000006112
933381000006110
990191000006112
990391000006114
990401000006111
990431000006115
990441000006113
990451000006110
990511000006110
990521000006119
991431000006112
1552401000006111
1552411000006114
1552961000006119
1553021000006118
1553081000006119
1553141000006112
1553201000006117
1573621000006114
1682441000006112
1705871000006118
1746141000006118
1756301000006119
1775041000006110
1780401000006116
1816911000006113
1822561000006113
1841501000006118
2225421000000111
2239701000000110
2402821000000112
2523121000006119
2523131000006116
2523141000006114
2558071000006114
2564431000006115
2564441000006113
2564451000006110
2609241000006116
2641181000006110
2641201000006111
2641211000006114
2674231000006119
2685561000006118
2791621000006115
2833201000006116
2846761000006119
2867621000006112
2867631000006110
2934941000006115
2945251000006111
2945281000006115
2975691000006116
3007271000006118
3007301000006116
3010301000006118
3010501000006111
3037731000006118
3043241000006110
3061091000006116
3061101000006110
3073901000006119
3108451000006119
3136221000006119
3166221000006112
3184501000006113
3189731000006111
3189751000006116
3189771000006114
3228761000006118
3228771000006113
3229541000006118
3279971000006119
3309421000006112
3316961000006117
3316971000006112
3316981000006110
3316991000006113
3317001000006117
3362771000006112
3364071000006115
3382731000006111
3454931000006117
3485131000006112
3498921000006118
3561051000006113
3561061000006110
3602841000006117
3602851000006115
3619871000006116
3675611000006117
3696481000006113
3696491000006111
3696501000006115
3696511000006117
3696551000006116
3728881000006114
3738051000006111
3761881000006112
3775921000006110
3775931000006113
3844921000006112
3844941000006117
3859631000006115
3866791000006110
3868741000006117
3911501000006110
4056221000006110
4056291000006112
4056311000006111
4056321000006115
4356061000006113
4405341000006115
4405351000006118
4507141000006118
4683971000006112
4684031000006112
4789721000006119
4789741000006114
4814861000006115
4814881000006113
4815111000006112
4815461000006119
4815481000006112
4815501000006119
4816141000006119
4816191000006111
4816411000006113
4816641000006114
4816771000006111
4816821000006115
4822091000006118
4822311000006113
4822331000006119
4822351000006114
4822371000006116
4853351000006118
4853371000006111
5103011000006112
5103021000006116
5139621000006118
5141961000006119
5141971000006114
5142291000006113
5142691000006110
5144581000006118
5144801000006112
5243191000006110
5618331000006113
5620871000006113
5621041000006115
5621051000006118
5721541000006115
5721571000006111
5721581000006114
5721601000006116
5721671000006110
5730591000006117
5730661000006114
5730671000006119
5730681000006116
5730691000006118
5730711000006115
5730721000006111
5730731000006114
5852251000006112
5887181000006119
5907311000006119
5965361000006113
6021701000006111
6383361000006117
6476831000006111
6478091000006119
6478111000006111
6478121000006115
6478131000006117
6478191000006118
6567881000006112
6592401000006117
6617581000006115
6680761000006119
6770151000006119
7015251000006114
7018191000006116
7018201000006118
7050761000006119
7051721000006118
7061011000006115
7095081000006114
7095091000006112
7138771000006116
7163611000006117
7163621000006113
7265481000006110
7265491000006113
7306641000006119
7351381000006117
7520341000006117
7567261000006119
7584791000006113
7710061000006113
7710081000006115
7716811000006118
7966221000006115
7967631000006118
7991231000006111
7991251000006116
8040761000006111
8042001000006113
8042941000006111
8074571000006118
8100421000006112
8342961000006111
8349931000006112
9493181000006112
9493211000006112
9493221000006116
9493231000006118
9493251000006112
9834521000006120
9847831000006112
9847841000006118
9869731000006116
9872891000006112
9872911000006110
11183231000006112
11777271000006116
11790051000006112
11827271000006116
11843911000006112
12122351000006112
12126301000006112
12488801000006112
12488821000006116
12702481000006110
12717421000006112
12717431000006114
12717441000006116
12717451000006120
12735361000006112
13675841000006116
13712201000006114
13772951000006112
13790221000006116
13790241000006112
13796531000006118
14055431000006120
14308051000006118
14308061000006116
14466081000006116
14466091000006120
14466111000006112
14466131000006116
14466141000006110
14466151000006112
14466161000006114
14466171000006120
14501121000006118
14501131000006116
14504931000006120