26121018
43471011
63364014
64661016
78967012
146354015
178612013
270690019
270692010
292627014
292666018
303643010
303644016
303645015
303647011
303648018
303793019
303796010
314065014
314070019
352985010
353697015
353698013
398794012
410950019
496986017
1227462017
2676316012
198461000000116
249511000006112
404881000000118
415231000006110
623221000006115
864841000006114
864851000006111
3003961000006113
3113051000006119
3187131000006116
3265761000006117
3934581000006110
4194881000006115
4663561000006113
4826861000006115
5087761000006110
5087771000006115
5087791000006119
5087801000006118
5377241000006112
5888001000006111
6650481000006113
6715491000006118
7821821000006110
8048151000006113