299314016
7803921000006111
2474649018
636681000000117
7043661000006117
7043651000006119
8031771000006112
8031761000006117
8031751000006119
295688010
7730811000006111
7730821000006115
7831581000006114
7560531000006110
1148731000000112
3293631000006118
1982141000006118
1981961000006112
2190891000000112
2841061014
7289421000006111
402514015
280121000006113
254935018
254944017
402512016
81719014
3293641000006111
3511181000006115
5280091000006113
5254231000006117
5930421000006111
5528051000006115
5279871000006117
13625531000006110
5983301000006110
3293661000006110
297037012
905821000006112
909021000006117
7567911000006113
244331000006111
3293651000006113
33622011
7790241000006117
1776901000006117
1863311000006117
1925611000006114
2269041000000116
2229391000000119
299321016
2332271000000113
1891071000006112
28047015
7730791000006112
7730801000006113