396797013
2942471000006111
5493681000006112
3636211000006111
887571000006111
396795017
1234654019
3831591000006117
3809901000006113
494138014
501419018
3636221000006115
3636271000006119
3636241000006110
13931211000006119
13931221000006110
13931191000006115
13490351000006112
3636201000006113
2478811014
116049013
13603301000006119
3636261000006114
13490341000006110
13931161000006111
305102011
305103018
223381000000117
3636191000006110
2740191000006113
356307010
223371000000119
5111971000006115
2740211000006114
2740211000006114