23211011
33677019
62962010
88108012
133885012
294691019
295044016
295045015
295048018
295049014
295052018
295063015
295064014
295066011
295067019
295077017
295079019
295080016
295081017
295568017
296460017
296488011
296489015
347011014
401785014
401786010
401787018
401856011
401898014
453182018
475487017
1222259010
1230168015
1495439012
2160091013
155281000006119
195991000006117
199821000006114
223661000000115
230091000006118
362771000006119
362851000006118
363081000006112
363221000006116
363561000006112
363691000006117
363921000006112
366421000006114
367941000006111
371341000006110
376671000006117
376751000006117
378071000006112
379511000006118
379701000006110
380231000006114
380611000006117
386711000006110
388391000006117
388871000006111
389441000006113
389491000006116
389581000006115
399451000006114
400311000006117
400351000006116
418201000006111
418531000006117
418541000006110
418571000006119
424161000006118
424201000006112
424211000006110
424331000006112
425591000006118
425731000006110
425841000006112
425911000006118
427091000006119
474121000006111
480071000006112
481471000006112
481481000006110
487991000006113
496091000006112
577931000006110
605901000006114
613781000006118
640481000006113
675901000006118
675911000006115
735811000006119
746351000006118
782871000006113
787571000006113
824751000006111
882431000006111
882441000006118
972851000006115
972911000006111
973101000006118
1976641000006119
1976681000006113
1976691000006111
2520371000006111
2520381000006114
2567501000006116
2927081000006115
2927101000006111
3225431000006114
3398571000006119
4203991000006111
5024321000006116
5024351000006113
7488401000006113
14357391000006116
14357411000006116