82584011
111625010
299848013
132655012
884191000006113
145620019
395756011
5057801000006113
3800291000006115
3855401000006112
193521000006114
7316021000006117
137888010
818521000006112
7501621000006118
13941061000006111
13941071000006116
299851018
299853015
884211000006114
300884014
5289971000006116
5056141000006116
5056161000006117
7501601000006111
351381000000114
351401000000114
351421000000117
351441000000112
2674471000006117
424291000006117
43850011
7501711000006118
2297871000000111
2297911000000113
2297951000000112
2297991000000116
5289961000006111
5289991000006115
884221000006118
905451000006118
14196331000006118
884181000006110
884201000006111
3654631000006113
7501941000006116
6214751000006112
5590581000006114
2675439010
7052811000006113
146259010
13941081000006118
350517010
1749291000006113