5614181000006116
2475877015
297234014
124598014
497021000006113
450601010
7557961000006119
2326271000000114
7557971000006114
542541000006112
206411014
1815981000006110
907241000006111
907411000006113
4405191000006110
299393011
12465281000006112
543071000006115
451123015
2283831000000117
2283041000000116
450600011
297239016
411453017
411456013
297223011
345448013
3200351000006114
316835015
497600015
584031000006114
5614151000006112
297221013
411455012
411454011
345779013
551481000000119
3445431000006112
27369019
345782015
345780011
7557921000006113
5012421000006114
1900521000006117
761411000006111
8307611000006113
8308141000006118
8308171000006114
8308201000006113
8308211000006111
1883621000006119
1882951000006110
1882961000006112
1882971000006117
1882981000006119
1882991000006116
1883001000006115
3200341000006112
4769391000006119
345771011
72531016
297232013
740431000006115
3416421000006111
3509879014
1815971000006112
297233015
297238012
299394017
223801000000115
3288331000006116
1776511000006112
345773014
1815931000006114
3445451000006117
2122001000000116
851371000006119
1815951000006119
1900531000006119
1900541000006112
1900551000006114
1900561000006111
1900571000006116
1900581000006118
1900591000006115
1900601000006111
1900611000006114
1900621000006118
1900631000006115
1900641000006113
1900651000006110
1900661000006112
110721000006114
557181000000116