4765019
8879010
14103017
16067019
16455010
19796013
29902012
42524012
50335015
50336019
50702011
52697011
55426011
65526011
68321016
70659018
71168014
78977014
82373015
84200019
84201015
93418010
95473010
97213016
108062014
110903014
140945016
158497012
187824013
207847010
282332019
294662017
297165012
297470010
297475017
297477013
297479011
297485016
297487012
297488019
297489010
297490018
297491019
297492014
297493016
297494010
297500014
297503011
297504017
297505016
297506015
297510017
297511018
297519016
297522019
297525017
297528015
297530018
297531019
297539017
297540015
297542011
297543018
297544012
297545013
297550019
297551015
297552010
297553017
297554011
297555012
297557016
297558014
297564019
297566017
297569012
297571012
297574016
297575015
297656018
297658017
298751015
298753017
299306010
299358016
299359012
299360019
299361015
299362010
299364011
299365012
299366013
299373015
299374014
299375010
309179013
311114015
311705018
322645015
345456011
345457019
345486016
345487013
345492010
345519017
345580013
345594014
368388010
399414019
399415018
399416017
399418016
399419012
400315011
413630015
450558019
451410016
451411017
459296014
459312014
459313016
474333019
475273015
478396017
483022012
484477015
490703010
497880019
498448012
500766011
504101018
1219655013
1224865018
1234144017
1235651015
1235653017
1777664015
1778567016
1778686017
1786065018
1786163010
1786691018
2536776010
84391000006111
84421000006115
84531000006118
84571000006115
84601000006110
84721000006113
84761000006119
84791000006110
84901000006117
84941000006115
84971000006111
99281000006115
211231000006113
211331000006117
212551000006110
214871000006114
214921000006116
215001000006114
215061000006110
217001000006117
235701000006117
280521000006117
280541000006112
281181000006116
359071000006116
399811000006111
399821000006115
422921000006119
422941000006114
422971000006118
422981000006115
422991000006117
545421000006111
616451000006110
616921000006113
616971000006114
666351000006116
675631000006115
698001000006119
712431000006111
742721000000115
771371000006118
771401000006115
772131000006111
778621000006116
881501000006110
883141000006119
883151000006117
883161000006115
883171000006110
883201000006114
883211000006112
883541000006113
891771000006114
891781000006112
891791000006110
891801000006111
891811000006114
891821000006118
891831000006115
891841000006113
891851000006110
905761000006111
913771000006115
913781000006117
913791000006119
913801000006118
913811000006115
913821000006111
913981000006115
914221000006113
914231000006111
914241000006118
914251000006116
932681000006110
989021000006118
1724321000006115
1846861000006111
2194181000000113
2203731000000110
2415191000000113
2526611000006112
2526631000006118
2533651000006115
2616821000006117
2626141000006112
2626161000006111
2905521000006110
2905551000006118
2911061000006114
2911071000006119
2911101000006112
2984151000006111
2984181000006115
2984201000006119
2984211000006116
2984241000006117
3159741000006112
3159831000006110
3159841000006117
3181661000006112
3236151000006118
3432871000006117
3598611000006114
3743821000006116
3750161000006113
3791101000006110
3882591000006117
3882651000006112
4196471000006112
4383621000006112
4405281000006116
4405691000006116
4405701000006116
4405711000006118
4770281000006112
4770301000006111
4770321000006118
4770411000006116
4770431000006110
4770501000006118
4770571000006112
4770641000006115
4808921000006113
5008921000006119
5009561000006114
5126491000006110
5595781000006114
5634901000006116
5846311000006116
6449091000006114
6592201000006118
6596741000006113
6596791000006116
6597721000006115
6597751000006112
6597761000006114
6599291000006119
6599321000006111
6619511000006117
6766431000006113
6766451000006118
7032031000006112
7266171000006113
7296971000006114
7296981000006112
7861571000006116
7861581000006118
7863801000006113
7863811000006111
7968951000006118
8022481000006112
8044171000006110
8120381000006111
8241041000006113
11925041000006116
12180791000006114
12185421000006112
12717011000006112
13790061000006120
13790071000006114
14057771000006116
14057821000006112
14067741000006120
14071331000006110
14071341000006116
14072461000006116
14072481000006114
14094571000006112