679971000006114
679981000006112
679991000006110
680041000006119
680051000006117
680061000006115
680091000006111
679351000006115
679371000006113
679401000006111
4045441000006110
4047121000006116
291287015
511416015
291010019
511427018
4043431000006116
474428019
291031016
291026018
380088014
403744011
511467017
511491014
511497013
511503017
291027010
511509018
291022016
511513013
679381000006111
399741000006115
511520018
291178017
511533012
511534018
511537013
511538015
511543010
399701000006117
291102017
511557012
679121000006110
4045731000006111
291079011
290934017
511586010
290981016
511595019
511612010
511640017
511643015
679281000006118
680021000006114
290919011
290907015
399781000006114
291115014
291067011
511680014
511705014
511535017
380084011
291275010
511728010
511729019
291158013
291167013
511741014
511765012
511768014
511769018
678921000006118
399711000006119
511809010
511892012
290993013
511904016
290916016
511929010
291018014
511931018
511939016
511942010
291063010
291062017
79811000006119
79821000006110
678371000006118
678381000006115
399731000006113
511971011
511976018
1490304011
511989012
511991016
678431000006111
678441000006118
291284010
678461000006119
4309961000006114
445641010
292247011
292269016