12000171000006119
12000161000006114
5493301000006114
504861000006113
7298181000006113
7298191000006111
505011000006115
645331000006112
14197491000006114
14197791000006117
396738018
5097061000006111
5352601000006114
5493341000006111
11851221000006114
396742015
141434019
101175019
33507011
7054531000006110
304403018
305228018
272967015
909491000006110
78361016
3499181000006114
1936171000006116
251774018
304382014
134409015
5493361000006110
279031000006110
406029011
261015019
304408010
305220013
304411011
304401016
305221012
14611981000006111
886881000006110
6782001000006114
304412016
1230174015
304385011
304383016
304384010
5493281000006110
2564751000006119
1222521018
3887221000006119
906281000006119
19794011
203421000006110
304402011
203441000006115
203531000006112
868131000006117
506474017
4671751000006114
34267015