5742016
6875014
27285014
27286010
33419017
37964010
40392014
52347016
65759011
83140013
86362013
91115011
101926016
110704012
131281018
158227015
158231014
206556016
206557013
206558015
269308015
269309011
269310018
269314010
269315011
269371013
269374017
269376015
269377012
302463015
302470015
302471016
302472011
302473018
302481017
302482012
302483019
302485014
302486010
302487018
302489015
302490012
302492016
302495019
302502012
302504013
302511012
302512017
302513010
302514016
302525013
302526014
302527017
302530012
302531011
302532016
302534015
302535019
302537010
302538017
302541014
302542019
302546016
302547013
302553013
302554019
302555018
302556017
302562010
302563017
302564011
302565012
302566013
302568014
302569018
302571018
302572013
302575010
302576011
302585011
302586012
302592018
302593011
302594017
302595016
302601012
302602017
302603010
302604016
302606019
302608018
302611017
302614013
302615014
302675019
353273019
353328012
361430016
394147019
396345015
396346019
397833011
410931019
411541019
411542014
450479017
454252012
457315015
459010010
459013012
470365013
474430017
477650018
484836012
486596015
494304013
495273013
495344012
495535010
497833010
498977018
499386010
499719010
504674011
507303017
508524014
508664015
1231190012
1231704018
1235462014
1235493010
2649532016
2649534015
76511000006111
81301000006118
81311000006115
81501000006111
118251000006114
121891000006117
221001000000111
221011000000113
223311000000112
317691000000117
317711000000115
344611000006119
345501000006119
362951000000115
554311000006114
632091000006116
863201000006111
885771000006112
885781000006110
885791000006113
885811000006112
885821000006116
885831000006118
885851000006113
885861000006110
885871000006115
885891000006119
885901000006115
885911000006117
885931000006111
885941000006118
885951000006116
885961000006119
885981000006112
885991000006110
886001000006111
990711000006115
990721000006111
990731000006114
1562921000006116
1562931000006118
1562941000006111
1562951000006113
2656521000006114
2656531000006112
2709491000006117
2709501000006113
2709511000006111
2709521000006115
2752321000006114
2860501000006116
2919721000006119
2937141000006110
3078031000006116
3133061000006110
3340761000006113
3340781000006115
3361571000006110
3542811000006116
3542831000006110
3797871000006116
3932701000006118
3946041000006117
3946051000006115
5084311000006115
5084471000006116
5727561000006111
5965481000006112
5966141000006119
5966161000006115
5969351000006114
5969361000006111
5982901000006117
6203791000006117
6212581000006116
6593381000006112
6593391000006110
6593401000006112
6880351000006112
7509111000006116
7509121000006112
7637271000006112
7857371000006112
7981211000006116
8032291000006113
13773141000006116
13955341000006114
14058591000006110
14059721000006112