303749019
303750019
353140018
452891000006114
7300131000006119
42686017
478553011
6781961000006116
6568021000006119
4525015
2514701000006119
511831000006115
4151013
5319331000006112
1808321000006117
394128017
394127010
394129013
487911000006115
269068011
487941000006116
269047010
487951000006119
1221523017
5076781000006113
5485521000006112
5485511000006116
3189101000006119
3875631000006116
2744961000006111
3875671000006118
5913111000006112
4784301000006112
5913121000006116
5913011000006113
8459111000006112
8459161000006110
1743031000006119
1743031000006119
8459051000006114
8459101000006114
8459151000006113
5082591000006112
5913001000006110
4784291000006111
302387019
504651000006110
3686781000006118
3686761000006111
3686771000006116
512001000006114
5913051000006114
2758911000006117
3813741000006113
486377018
886021000006118
3959551000006119
302619015
3526641000006116
6781991000006112
15005019
302623011
554831000006112
6781981000006114
302621013
261501010
3932891000006119
5912981000006111
5913021000006117
302630017
1227775018
303032015
7650631000006111
2549912010
477235015
5873261000006116
3347951000006113
353328012
119655018
2655081000006114
252560012
1544451000006118
458433011
4058131000006115
3155601000006117
8465561000006113
7763361000006119
3155591000006113
6838411000006112
3651811000006116
5272481000006112
2765951000006116
5877561000006110
5227811000006118
1586811000006116
1544641000006118
372268019
7837431000006118
3875651000006111
353273019
3474501000006118
5913031000006119
3474511000006115
99677013
339001014
302633015
302616010
302635010
7629581000006119
886031000006115
990741000006116
302634014
5082461000006117
5082451000006119
5082481000006110
6349081000006118
6349581000006111
5082571000006111
5492881000006118
9351341000006115
5299021000006117
6249911000006116
3064071000006119
5887961000006114
353143016
5082441000006116
5082501000006117
198466017
5082561000006116
5222591000006110
266601000006112
9351331000006113
5298991000006110
5299011000006113
799341000006115
3064061000006114
2650231000006112
5082541000006115
5082491000006113
5082531000006113
5082471000006112
5082521000006110
27646010
317463018
317466014
477740012
222841000000112
819621000006115
451126011
7629571000006117
2598601000006116
819571000006118
6349561000006118
8022151000006113
102397013
3474431000006110
252559019
372267012
960251000006111
252565019
781171000006111
7821921000006118
4657461000006112
70968018
3779331000006114
458424014
7078651000006113
2532987010
3474441000006117
5877581000006117
5877571000006115
5083811000006114
6207621000006115
674321000006111
2557741000006119
7763341000006118
7763331000006111
3324121000006113
303048019
2557701000006116
1228729011
3515661000006118
3651821000006112
372246012
5272471000006114
267111000006116
396339011
28383015
6838511000006113
6838531000006119
6838551000006114
6838571000006116
3272361000006117
302381018
81380015
3651781000006118
269067018
302624017
302632013
302378011
4510691000006118
497946018
3474581000006110
4786251000006114
295381013
1494941012
5893881000006119
317464012
303004012
5082761000006112
5083851000006110
6621871000006119
406291000000114
960261000006113
303321000000115
5492761000006118
3433331000006119
396340013
5319391000006111
3642571000006116
181031000006116
4657521000006119
269073017
269074011
269069015
5006191000006119
345141010
5555851000006117
5083891000006116
3067531000006117
6838751000006117
110851000006111
6207691000006118
5076651000006110
674331000006114
7763371000006114
2548704017
252558010
317465013
252557017
223311000000112
3361571000006110