412771000006110
312513016
424491000006118
1932121000006116
6665231000006111
3517829010
125937016
5141321000006112
463281000006113
463301000006112
2740601000000119
2730721000000118
1599241000006114
1598831000006110
1598821000006112
1598851000006115
1598841000006117
32869011
311036019
4807921000006112
363831000006117
309400018
400194017
493021000006115
909631000006114
4808991000006110
309749012
1229552016
4808981000006112
309744019
492981000006114
309743013
310217012
8187291000006113
8187311000006112
14011041000006114
13709511000006115
13709571000006112
13709541000006116
14177911000006117
14177941000006118
14177971000006114
3196651000006119
3196661000006117
523531000006112
394571000006116
2530001000006117
556181000006113
1739221000006112
7282111000006119
7276071000006116
7176491000006113
8030351000006112
3527712017
3527737010
371261000000111
2670341000006112
2842168015
12001711000006118
2839291014
11929781000006114
2817437013
5139391000006112
3418341000006113
3418371000006117
3514955016
1785241000006114
1785231000006116
1785221000006119
3428911000006119
95067016
311496011
309816012
251794010
820231000006115
4541331000006113
890821000006113
2558271000006115
6905901000006110
221661000006114
312516012
309850015
2548331017
311040011
311043013
459293018
140590016
14507321000006114
309829012
4809351000006111
309833017
359310019
309836013
5139551000006114
5139361000006116
6798411000006117
6802671000006110
6802681000006113
12685471000006113
6802711000006114
4809321000006119
5139451000006113
5139461000006110
309828016
2472447010
14666871000006112
755441000006119
309824019
2472449013
6802621000006114
6802591000006112
5139511000006113
309827014
297641010
6665291000006110
5141711000006115
673591000006119
255923010
255922017
255925015
7533541000006115
7569901000006118
28241000006111
312523013
312518013
312520011
84036012
310788010
13790221000006116
310787017
310786014
310785013
310781016
310782011
310784012
310783018
310779018
310780015
310778014
123542016
3709251000006117
3709271000006110
502690012
7858451000006110
6899881000006115
221671000006119
889851000006110
5357481000006117
5280551000006113
3528163014
297544012
12703851000006110
12703851000006110
217651000006113
217661000006110
217671000006115
4808211000006113
217681000006117
217691000006119
217701000006119
217711000006116
217721000006112
217751000006115
217761000006118
5502221000006110
6870771000006111
309560018
12626381000006115
12734381000006119
3636541000006112
192631000006118
13776291000006112
192641000006111
309574013
192671000006115
309564010
309570016
192711000006116
309572012
192731000006110
192741000006117
309577018
192761000006118
4808541000006114
192771000006113
309561019
309562014
309566012
179891000006115
111690011
889751000006116
989331000006117
889801000006111
889781000006112
989301000006113
889771000006114
989311000006111
889761000006119
989321000006115
889821000006118
889741000006118
889811000006114
889791000006110
989291000006112
14439641000006118
1148421000000118
2724561000006115
905301000006114
3125671000006112
6631621000006116
116082011
889731000006111
909191000006119
5721481000006110
5721451000006119
426510015
168751000006115
2196791000000119
2640821000000117
8045661000006112
219021000000114
1875561000006119
2275501000000119
8440031000006113
8459501000006119
1875591000006110
2275671000000111
1875601000006119
2275711000000112
2275751000000111
8440041000006115
8440051000006118
8440071000006111
1875571000006114
2275831000000110
1875581000006112
2275791000000115
168761000006118
309791014
309802019
13709561000006117
13709581000006110
13709551000006119
309787016
162041000006117
4809101000006114
162051000006115
309792019
4809221000006114
7099641000006113
5721471000006112
309798015
162081000006111
13605001000006117
309800010
13687681000006113
3528264013
8447181000006111
12114051000006110
13687691000006111
162101000006115
162111000006117
5721431000006114
309805017
162131000006111
13687701000006111
3528262012
3528266010
8447281000006115
12114061000006112
13687711000006114
162141000006118
309789018
309788014
309790010
309803012
309804018
7078501000006113
4809181000006117
162191000006110
309794018
1880371000006117
16911000006114
3514958019
424981000006114
162231000006117
309812014
48361011
3636551000006114
1786545019
162301000006117
1778239014
8102191000006119
300221014
14502531000006116
485614018
162341000006115
14419531000006117
3322481000006114
13677571000006116
13677591000006115
6665211000006117
1779323014
359292012
14177961000006119
14514751000006114
13677531000006119
451461014
149911000006117
9357441000006116
312534011
146521000006111
309479018
309477016
309473017
309475012
6802551000006118
889841000006113
3042571000006112
2867691000006114
111401000006119
4809311000006110
4809281000006113
14445981000006117
2549731014
5139681000006119
6899871000006118
3901751000006115