3323111000006115
13717981000006113
14014701000006112
5233761000006119
1230906015
481961010
5031181000006115
5031151000006111
6041221000006114
2892651000006119
3323131000006114
2892671000006112
64469014
113737013
6024101000006114
6024111000006112
5031021000006115
5031061000006114
6024121000006116
5031001000006113
5030981000006114
6702831000006113
5030961000006116
3123591000006110
3123581000006112
3614321000006112
3614311000006116
5031091000006118
5031081000006116
5031141000006114
5031131000006116
7080541000006118
2537044017
8210321000006118
8210341000006113
5031101000006112
13681911000006115
5239581000006115
13717961000006115
13718011000006115
13717941000006119
13717921000006114
13655271000006114
13655281000006112
13655331000006115
13655321000006118
8210291000006110
13679941000006112
5241051000006119
299477018
169751000006113
299476010
67167012
169891000006113
169951000006111
14014721000006119
14014751000006111
14014741000006114
13717871000006116
13717861000006111
297786016
122485015
297792010
3244281000006112
494431010
170141000006114
297791015
13679951000006114
13986461000006116
3244261000006119
297787013
297783012
14013031000006115
2892631000006114