5124931000006111
5055501000006116
3726191000006118
5125021000006113
3408911000006111
5055581000006113
3097031000006111
303525019
2612971000006111
256600015
5124951000006116
5124961000006119
502127019
3553221000006116
5055171000006117
4767901000006116
296819018
297440017
297643013
311616019
312642016
5004751000006119
5065841000006111
297566017
7501941000006116
40879015
3097041000006118
6220621000006114
477671011
161591000006114
4777241000006117
4767881000006118
1494958019
4770931000006119
4770621000006110
6874111000006114
6635151000006116
52728016
454209012
1223250017
287930013
1232607019
293742013
1231546012
3678391000006114
3408931000006117
5055491000006112
5055521000006114
5055541000006119
5055561000006115