3897111000006117
6689331000006115
5348791000006110
291489019
304941000006118
4255441000006118
3540651000006115
5350501000006114
305571000006117
3428621000006117
6690161000006119
291482011
291483018
305731000006113
5349731000006119
291360017
6666641000006113
1770501000006111
305801000006113
5911531000006111
6624901000006117
6624911000006119
6666461000006110
6666451000006113
6666551000006114
7007931000006116
6666351000006118
7009331000006110
6666361000006116
6666411000006112
6666261000006114
6670401000006119
6632161000006113
5028111000006115
6666491000006119
6689531000006114
6666511000006113
6666401000006114
6666241000006110
6666271000006119
6666481000006117
6666221000006115
6666231000006117
6666311000006119
6666321000006110
6666381000006114
6670361000006112
7030741000006117
6689511000006115
215751000000116
6670381000006119
6689551000006119
6666301000006117
6666591000006115
6666471000006115
6666331000006113
7761571000006118
6666761000006115
6666681000006119
3420531000006116
3198781000006117
6634151000006117
1770491000006115
5911541000006118
501273014
291359010
291361018
4400201000006118
2993821000006111
305831000006117
3101121000006114
305901000006119
5348561000006110
2519781000006112
5348531000006118
5348571000006115
880511000006115
880561000006117
880241000006118
880211000006117
880251000006116
990561000006113
880221000006113
880231000006111
7007941000006114
7009341000006117
6246301000006110
6670371000006117
5352681000006117
6364541000006112
7004851000006112
5348551000006113
7039431000006114
6689181000006116
403771011
5720851000006110
6364451000006113
6692381000006113
6593531000006117
6689441000006117
3565791000006115
5348071000006112
6689951000006114
5347641000006111
5873961000006113
5347611000006112
6689461000006118
215889013
413089014
1234006011
7352761000006117
6691241000006118
5590681000006113
6636191000006118
6689891000006111
5348711000006117
308111000006113
2663661000006116
308121000006117
647651000006119
5347531000006117
291322014
5350621000006117
6691871000006110
3659771000006117
411225019
308291000006112
3659761000006112
598561000000110
598801000000114
5873951000006111
3136341000006119
2589231000006118
3884121000006115
5900061000006117
651081000006111
7576541000006113
5874081000006117
7378671000006119
7093841000006111
5349251000006119
5349261000006117
5349241000006116
305791000006112
3198801000006118
291631017
376870016
2535551000006115
3628701000006117
3628811000006111
1998881000006119
7097601000006117
808271000006113
8021891000006117
7097221000006113
1770511000006114
7344831000006110
879681000006114
729611000006115
5324231000006113
6690031000006110
6689971000006116
6690001000006119
5347561000006114
3659781000006119
6671091000006114
6691301000006111
308731000006118
454201010
726351000006116
5028071000006111
6246311000006113
2731421000000116
289210012
482690017
482691018
724891000006113
288408015
288410018
457111019
288465019
288354011
1228506017
724421000006114
289131017
288404018
155458017
455404011
1228575017
289092013
289091018
289094014
289066018
289132012
403700013
1806421000006110
6364401000006114
289099016
155517014
289079010
289096011
155520018
155521019
155522014
289084016
289097019
155525011
4749341000006118
720511000006113
289080013
155529017
720521000006117
155533012
155534018
4749501000006113
289111016
155536016
289127011
155537013
155538015
289124016
155539011
155540013
155542017
289122017
6364431000006118
289116014
289128018
155545015
289088018
155547011
289121012
455405012
155550014
289089014
155552018
289114012
155553011
289095010
289107010
155556015
289110015
6364491000006119
289108017
289115013
292120012
721091000006119
288963015
457110018
288460012
288350019
1228504019
288407013
720471000006115
720531000006119
6243591000006118
5355981000006115
5355941000006114
5595371000006112
726261000006112
6247631000006114
6246251000006115
453301018
288409011
5352691000006119
6246271000006113
5352651000006113
720801000006112
288355012
288351015
13968771000006119
910131000006114
7350791000006114
1230882017
2580121000006117
5324331000006117
13674541000006117
12107821000006117
8042051000006112
12107751000006115
8042041000006110
5324361000006114
5324351000006112
6052391000006114
312631000006110
2606061000006118
4419511000006112
5348821000006118
703711000006117
703721000006113
703731000006111
703751000006116
274505015
703691000006115
703701000006115
703761000006119
714771000006113
5906321000006112
3101111000006118
3101101000006116
3080871000006117
3080901000006117
274497019
5025021000006115
6914521000006113
6914531000006111
700251000006119
6914511000006117
6914541000006118
5348881000006119
313191000006112
313221000006117
3492821000006113
1770481000006118
6636211000006117
6691881000006113
501272016
3628781000006114
4390791000006110
4390251000006111
4383191000006115
291297012
4383281000006114
4383111000006113
4383151000006114
511868016
7745031000006116
404801000006116
292135013
3662431000006114
3662411000006115
314701000006115
315011000006119
6690141000006118
1227579014
1770521000006118
2519751000006116
6625161000006117
1232355013
3518181000006113
6609321000006117
5970481000006112
1960021000006111
4413071000006114
8454461000006115
8454561000006119
4025491000006115
4025801000006113
4026071000006116
4026081000006118
4026351000006111
6362681000006112
4027361000006110
4027871000006113
12703771000006114
4027961000006114
4027991000006118
4028011000006114
4028031000006115
4028071000006117
4028121000006117
4028151000006114
4028161000006111
4028181000006118
4028211000006119
4028231000006113
4028251000006118
4028291000006112
4028311000006111
4028341000006110
4028371000006119
4028411000006118
4028441000006119
4028461000006115
4028491000006111
4024541000006114
4028861000006117
8027731000006115
7827491000006116
8458001000006116
7956941000006111
7820111000006118
8458151000006118
8011921000006117
6666741000006119
379315011
853821000006110
2519761000006119
5348541000006111
5347691000006119
5347651000006113
5347601000006114
5355621000006112
5347621000006116
1231370012
3388321000006112
5970321000006119
5028131000006114
3388331000006110
291472010
291475012
291474011
6364531000006119
4383071000006117
5349771000006116
5347661000006110
316831000006110
6689241000006118
6689201000006115
291347011
7012221000006114
6992581000006116
5354361000006113
7008751000006112
5028101000006118
6689211000006117
6689261000006119
5355611000006116
7362061000006114
7012231000006112
6689171000006119
5591551000006113
379223011
556501000000116
556511000000119
5699711000006113
6689231000006111
6689191000006118
6689281000006112
5699701000006110
5699691000006110
7039421000006111
7016111000006113
6689491000006114
291480015
291476013
291481016
5348841000006113
6689711000006110
5616441000006112
4383181000006118
6690261000006114
6635341000006115
136011000006111
291344016
318051000006112
318081000006116
3961571000006115
6689371000006117
7819291000006118