9225016
21006010
28758018
43595011
44335019
52897013
71539017
105029017
107878010
132503015
178723016
251628010
294673012
294675017
294676016
294679011
294680014
294681013
294682018
294686015
294692014
294693016
294717011
294721016
294724012
294725013
294726014
294727017
294728010
294730012
294731011
294734015
294735019
294739013
294740010
294741014
294742019
294743012
294744018
294751010
294753013
294754019
294757014
294758016
294760019
294764011
294765012
294767016
294770017
294771018
294773015
294787015
294788013
294789017
294790014
294904016
294910016
294911017
294912012
294913019
294949018
296022017
296031017
296040018
296066015
296095012
296096013
346895011
401764014
401768012
401771016
401855010
401857019
401862018
402504012
460273017
492910018
1219653018
1234861017
2548181016
25461000006115
42731000006112
78531000006116
123611000006110
155141000006116
155151000006119
155161000006117
161371000006118
169061000006112
215691000006112
215841000000114
215851000000112
215871000000115
223611000000117
243361000006117
300411000000110
362981000006119
366571000006114
367951000006113
370451000006110
370461000006112
370631000006117
370981000006112
371031000006115
376251000006112
376501000006110
378051000006119
388741000006110
394461000006110
395021000006111
395031000006114
397161000006110
397581000006111
397591000006114
397601000006118
397621000006111
397641000006116
397661000006117
398631000006113
412201000006113
418181000006110
418221000006118
418231000006115
418251000006110
418261000006112
419861000006117
423041000006119
423271000006116
423471000006117
423731000006114
423741000006116
424231000006116
424841000006113
424931000006113
425501000006113
425511000006111
425521000006115
425541000006110
425551000006112
425561000006114
425571000006119
425601000006114
425641000006111
425651000006113
425681000006117
425691000006119
425701000006119
425711000006116
425731000006110
425921000006114
426881000006111
456731000006115
456801000006115
476741000006111
492821000000113
492881000000114
556631000006116
630831000006113
819351000006115
882221000006114
882281000006113
882291000006111
882301000006112
882331000006116
914461000006118
914471000006113
980161000006115
996171000006114
1667581000000114
1667591000000111
1974511000006113
3000261000006112
3068121000006112
3116711000006110
3118041000006112
3182591000006114
3224371000006115
3224391000006119
3627341000006115
3862661000006112
4539931000006112
4763211000006118
4763231000006112
4763641000006116
4763911000006114
4763921000006118
4764391000006115
5023901000006110
5248961000006113
5517971000006118
7790241000006117
8232521000006119
8232541000006114
12480451000006112
14500861000006112