155711012
155773015
155879014
155967013
156007019
156169017
156231017
156237018
156291015
156319016
156375015
156493015
156557015
156585018
156607018
156627017
156699010
156719018
156747019
156765015
156777013
156825010
156883018
156919012
156973018
156977017
156989015
156997010
157025019
216227011
261676014
289515018
289530010
289535017
289536016
289538015
289542017
289543010
289545015
289546019
289549014
289550014
289553011
289554017
289557012
289559010
291327015
291348018
291374012
292165015
297901016
353772013
380193010
380206018
403704016
406266011
406333010
409845013
450901012
453241012
459732012
511250010
511385013
1215809015
1233222010
1235814012
1235875018
151101000006116
151111000006118
151121000006114
151131000006112
151141000006119
151151000006117
151321000006111
151331000006114
151401000006110
151421000006117
151621000006119
152611000006116
157481000006111
157491000006114
157501000006118
157511000006115
157521000006111
157531000006114
157541000006116
157551000006119
157561000006117
157571000006112
157581000006110
157591000006113
157601000006117
157611000006119
157631000006113
157641000006115
157651000006118
157661000006116
157671000006111
157681000006114
157691000006112
157701000006112
157711000006110
157721000006119
157731000006116
157741000006114
157751000006111
157761000006113
157771000006118
157781000006115
157801000006116
157811000006118
157821000006114
157831000006112
157841000006119
157861000006115
157871000006110
157881000006113
157891000006111
157901000006110
157911000006113
157921000006117
157931000006119
157941000006112
157951000006114
157961000006111
157971000006116
310861000006116
312621000006112
313691000006118
313711000006115
314021000006111
316291000006113
316301000006114
359271000006110
359281000006113
359291000006111
425771000006113
425781000006111
520651000006114
543041000006111
704711000006119
732441000006113
739801000006115
880571000006112
880661000006116
880671000006111
880681000006114
880691000006112
880701000006112
880711000006110
880721000006119
880731000006116
880741000006114
880751000006111
881301000006117
988741000006117
1774791000006115
1774801000006119
1774811000006116
1774821000006112
1774901000006113
1774911000006111
1774921000006115
1962631000006118
1962651000006113
1963441000006115
2572131000006111
2599111000006117
2611781000006115
2731021000000110
2734661000006117
2734701000006113
3235251000006118
3544201000006113
3767021000006112
3789351000006112
3789361000006114
4029711000006116
4029721000006112
4029781000006111
4029791000006114
4029801000006110
4029811000006113
4030121000006116
4030131000006118
4030141000006111
4030151000006113
4030171000006115
4030271000006110
4030281000006113
4030291000006111
4030311000006110
4030881000006114
4030901000006111
4030961000006112
4030971000006117
4031001000006115
4031011000006117
4031021000006113
4031031000006111
4031041000006118
4031061000006119
4031071000006114
4031081000006112
4031091000006110
4031101000006116
4031141000006119
4031151000006117
4031161000006115
4031171000006110
4031221000006116
4031381000006110
4031411000006113
4031441000006112
4031711000006119
4032021000006118
4032491000006111
4032501000006115
4032621000006112
4032651000006115
4032901000006112
4032911000006110
4032931000006116
4032941000006114
4033021000006114
4033031000006112
4033221000006117
4033231000006119
4033281000006118
4033301000006119
4033851000006113
4034101000006119
4034191000006114
4034221000006119
4034421000006115
4034431000006117
4034451000006112
4034461000006114
4034471000006119
4034481000006116
4034491000006118
4034891000006116
4034901000006117
4034921000006110
4034931000006113
4034941000006115
4034951000006118
4035171000006112
4035181000006110
4035191000006113
4035201000006111
4035211000006114
4035221000006118
4035241000006113
4035251000006110
4035261000006112
4035331000006111
4035401000006112
4035431000006116
4035531000006117
4035651000006113
4035661000006110
4035711000006116
4035761000006118
4035771000006113
4035811000006113
4036301000006114
4036451000006118
4036461000006116
4036841000006117
4036871000006113
4036881000006111
4036911000006111
4036921000006115
4037011000006112
4037021000006116
4037051000006113
4037061000006110
4037071000006115
4037081000006117
4037441000006117
4037451000006115
4037511000006115
4037541000006116
4037841000006119
4038061000006114
4038071000006119
4038091000006118
4038111000006110
4038121000006119
4038211000006116
4038231000006110
4038321000006117
4038331000006119
4038351000006114
4038401000006118
4038471000006112
4038491000006113
4038521000006110
4038531000006113
4038551000006118
4038641000006119
4038651000006117
4038901000006114
4038911000006112
4039431000006118
4039701000006116
4039711000006118
4039721000006114
4039731000006112
4039751000006117
4039761000006115
4040231000006113
4040311000006111
4040321000006115
4040341000006110
4040351000006112
4040371000006119
4040381000006116
4040401000006116
4040411000006118
4040881000006110
4040931000006116
4040941000006114
4040971000006118
4041001000006116
4041021000006114
4041031000006112
4041061000006115
4041091000006111
4041251000006114
4041261000006111
4041281000006118
4041891000006119
4041911000006117
4042191000006116
4409441000006113
4409461000006112
4409471000006117
4409481000006119
4409501000006112
4409551000006111
4409561000006113
4622011000006117
5168481000006119
5310681000006114
5352281000006119
5355201000006117
5355261000006116
5356271000006116
5444561000006112
5571421000006111
5703481000006115
5703501000006113
5703541000006110
5703561000006114
5703581000006116
5703621000006116
5703641000006111
5703661000006110
5703681000006117
5703701000006119
5703721000006112
5703761000006118
5703781000006111
5703921000006114
5703961000006115
5703981000006113
5704041000006117
5704081000006111
5704101000006115
5704121000006113
5704141000006118
5704161000006119
5704181000006112
5915541000006116
5965851000006118
5970541000006117
5970741000006110
6048121000006111
6052381000006111
6052391000006114
6052411000006114
6052431000006115
6052451000006110
6052471000006117
6052491000006116
6052511000006110
6052521000006119
6052531000006116
6052541000006114
6052551000006111
6052571000006118
6052591000006117
6052611000006111
6052621000006115
6052631000006117
6052651000006112
6052661000006114
6052671000006119
6052691000006118
6052711000006115
6052731000006114
6052751000006119
6052771000006112
6052791000006113
6052831000006118
6056051000006116
6206231000006116
6324741000006114
6327531000006118
6327571000006115
6327591000006119
6336641000006112
6364851000006111
6364901000006118
6377051000006115
6377211000006111
6568671000006114
6666731000006112
6689401000006119
6692461000006114
6692481000006116
6719331000006114
6719391000006113
6719411000006113
6862141000006110
7034801000006116
7272741000006114
7278381000006116
7294101000006114
7559611000006116
7587071000006118
7599641000006110
7599651000006112
7641861000006113
7641871000006118
7642361000006113
7645501000006112
7645511000006110
7645541000006114
7645551000006111
7645561000006113
7696221000006119
7696231000006116
7696241000006114
7703921000006113
7703931000006111
7835041000006113
7969741000006112
7969771000006116
7969821000006112
7969911000006111
8028011000006110
8028021000006119
8030471000006110
8113541000006110
8113551000006112
8468301000006114
9868051000006116
9868061000006118
12056291000006116
12204961000006112
13937281000006120
14500241000006112