307291000006113
310411000006117
314091000006113
1780321010
7253351000006115
6677271000006113
7518621000006110
78003011
3208241000006115
1208677014
455001000006118
2512161000006110
6925301000006119
304521000006119
3434561000006119
304551000006111
304531000006116
1232066010
3479091000006118
3479121000006119
3479101000006112
1231004013
3336471000006114
1230709016
2578161000006117
5352351000006116
7821761000006114
7345231000006110
7345921000006116
304771000006112
4792301000006116
291392016
7082761000006111
7987491000006119
3685761000006118
1233328012
3653411000006118
3685771000006113
5356531000006116
2823621000006113
4806911000006118
4005711000006114
303296011
303297019
5356521000006119
6681791000006116
1780500014
1780499017
1788227011
146871011
4661171000006110
886451000006117
360315016
5911321000006115
7369511000006110
3685781000006111
7296491000006116
7698081000006114
2890591000006113
4094851000006117
5476991000006116
13702151000006119
13702131000006114
7245691000006116
5595411000006113
7247281000006114
7577751000006116
3045271000006115
7382111000006113
5913111000006112
4784301000006112
5913121000006116
5913011000006113
8459111000006112
8459161000006110
444916014
1743031000006119
8459051000006114
8459101000006114
8459151000006113
5082591000006112
5913001000006110
4784291000006111
302387019
7771751000006110
3882441000006113
5913051000006114
1884881000006118
515001000000110
3882461000006112
6689061000006110
5930231000006110
1781996012
2585171000006113
291356015
6688921000006112
5028081000006114
6688861000006114
6688901000006119
6688961000006118
6612711000006118
6688821000006115
140927016
6689051000006113
881201000006113
7375551000006117
4006821000006118
4008071000006111
4008961000006115
4005911000006112
4008581000006116
5347781000006111
290901019
2659784018
306361000006113
3621421000006111
881181000006112
881191000006110
3479131000006116
3479111000006110
153085017
153088015
153089011
290753018
153099018
290783010
290780013
153102018
535331000006115
153107012
153111018
153112013
290868010
290867017
4006071000006112
290788018
290794014
4006091000006113
201638010
153124018
290789014
4006251000006111
510029018
153133016
290750015
153136012
290781012
290778019
290782017
153140015
153141016
535541000006116
292200019
290775016
153143018
380242014
5356481000006119
153146014
153149019
153150019
153151015
153155012
153156013
153157016
153160011
153162015
4006721000006113
290889018
153169012
153173010
153174016
535711000006110
531861000006117
153180012
4006891000006116
535731000006116
290768017
153187010
153191017
153193019
370221000006117
153200017
153203015
4007261000006111
4007001000006116
153218019
290787011
4007321000006112
153229015
290718013
406054011
153231012
406332017
290772018
1217274016
290793015
4007411000006114
153239014
290893012
153246017
153247014
153248016
1217275015
290792013
4007571000006118
4007621000006115
153256018
535981000006118
153258017
201640017
290732010
510061019
13652411000006113
153265013
370111000006119
290773011
403735010
290895017
290758010
292208014
292201015
292199017
536081000006111
290896016
290900018
292212015
290865013
370161000006116
153267017
153268010
153272014
4007861000006110
153276012
153280019
153282010
153283017
153286013
153288014
153295017
153296016
510074013
4008091000006112
153299011
153300015
290751016
290752011
4008161000006117
290804014
290776015
292202010
4008221000006118
4007811000006112
4170371000006113
536301000006117
4170361000006118
290822012
290821017
290824013
153311011
153313014
153358015
290866014
290830013
290808012
153317010
153318017
153319013
153320019
153321015
290827018
537011000006119
290809016
153327016
290806011
153332015
4008481000006115
1235762013
153335018
153336017
153337014
290819010
153338016
536561000006111
153340014
290839014
290849012
290843013
290851011
153343011
153344017
536641000006113
536651000006110
292206013
370201000006110
153345016
153348019
290818019
153350010
290835015
4008681000006117
290825014
290838018
290836019
290841010
292207016
536751000006117
153363016
153364010
290771013
153365011
4755801000006111
290749015
153367015
290741017
153376010
153380017
290777012
4008941000006119
153382013
153386011
153388012
290801018
290800017
1217276019
290791018
4009131000006119
4009221000006110
290894018
370171000006111
543771000006118
153410011
290784016
4009511000006117
510045016
153422014
536981000006110
536991000006113
537001000006117
537021000006110
3693391000006113
1871771000006117
7794481000006119
424694018
557381000006113
557391000006111
424992017
424999014
557411000006111
2823541000006119
1884201000006111
2286541000000116
2286581000000112
1884191000006113
2287831000000113
2272391000000114
218401000000118
219781000000113
543401000006119
8437341000006115
5704031000006110
854581000006114
854591000006112
5707151000006113
854601000006116
4006261000006113
5707081000006118
557371000006110
2823591000006111
557401000006113
5324201000006117
2823601000006115
153129011
138122012
223121000000116
113768012
853321000006119
5986261000006112
5559491000006112
7364791000006112
455395015
7992161000006118
5912981000006111
5913021000006117
8463991000006114
291536017
307131000006115
3771831000006118
6623771000006112
4792291000006117
9322091000006119
6916501000006113
1174741000000111
4792351000006117
2591351000006119
7774451000006116
3908521000006112
2992311000006116
7694601000006115
6677471000006112
3908501000006119
6377441000006111
6331231000006112
2992301000006119
4419131000006110
373597014
317868016
307681000006112
218681000000113
6624791000006110
121881019
304914011
145981000006110
1233620012
452243016
31737011
7399811000006114
314267013
314274015
451446013
5333951000006111
2871529010
5982801000006111
7307351000006111
7336018
451445012
305270011
633341000006117
633351000006115
7350581000006116
5074111000006110
802711000006112
8042191000006117
6749381000006119
2965341000006111
308101000006110
7505681000006116
7505691000006118
3661241000006113
3626961000006119
270086015
5078771000006114
3685721000006112
5351181000006115
3685711000006116
502284016
1233329016
5351161000006113
3685751000006115
3198801000006118
5348591000006119
7316571000006113
6839191000006117
3488891000006113
3741141000006119
7354511000006115
6625941000006119
798651000006117
12084901000006115
7694661000006119
13664451000006113
12084891000006119
2200621000000113
7334571000006111
299581000000117
8019801000006117
1839681000006111
2862011000006111
7097561000006117
7480621000006115
1780258013
11927581000006111
7967941000006119
7086141000006114
2692832011
5911341000006110
2651211000006112
1485169011
839391000006118
828931000006114
13666741000006113
7794461000006112
5149091000006110
2734891000000117
6519541000006112
7374191000006115
4806931000006112
5348001000006118
5347991000006111
4161811000006110
5324941000006114
4161831000006116
292197015
3627171000006114
7771201000006119
120463018
5346581000006118
291539012
2796431000006114
174577011
5608061000006115
3908461000006119
310451000006116
7487891000006115
8212171000006115
310491000006110
5347771000006113
6688941000006117
3882431000006115
310521000006112
310531000006110
3621431000006114
310541000006117
6634081000006112
12057641000006110
4161801000006112
2647991000006117
12084881000006117
3756771000006119
3756791000006118
7294941000006113
310951000006110
3494651000006111
5085001000006119
4784041000006112
3324781000006113
3018941000006119
2778181000006111
3947521000006115
2532875016
1206527014
3978821000006117
4195621000006117
3656271000006115
4792531000006118
308948019
3325831000006115
11926211000006116
353403015
745161000006114
302310012
84849018
53845011
3697521000006110
29624014
201437011
2532874017
7983071000006118
6608013
150796018
178667014
118055013
304973012
5468921000006114
6677241000006117
1787682012
5911801000006118
311221000006116
174576019
13686131000006119
13686151000006114
4212841000006119
2971579012
1234193010
14419461000006113
711181000006112
4396721000006111
459719019
459501013
7835321000006115
4162001000006110
711081000006111
173823013
292203017
173821010
711111000006117
4162061000006111
711121000006113
292204011
173825018
290856018
4162211000006118
335843013
4161781000006113
11777961000006118
173833017
711171000006114
292213013
451081018
6583241000006114
424994016
3195961000006118
5982761000006119
5591791000006110
3035581000006118
5982601000006110
413204012
702131000006116
424998018
903101000006112
932301000006112
3427071000006111
3403471000006116
413207017
700141000006113
6677341000006112
13655101000006113
6677381000006118
6677401000006118
6677421000006111
6677451000006119
6677361000006111
313291000006115
6677351000006114
6677391000006115
6677371000006116
314081000006110
7577651000006114
314091000006113
2992261000006111
2992321000006112
2992331000006110
6631571000006119
4756261000006118
13938141000006117
5982581000006117
13971541000006116
352751018
352752013
501249018
3626981000006112
885681000006116
302313014
292214019
1231363012
3387071000006114
314811000006114
4412401000006115
250111000006114
418071000006111
5356581000006115
6634491000006115
410936012
410935011
410934010
928781000006116
928751000006112
928731000006117
7374181000006118
5356591000006117
5352591000006118
69897012
3636264012
4007701000006118
3614571000006118
4350801000006117
853801000006117
7089031000006111
7698071000006111
7375531000006112
7375561000006115
113765010
7694591000006111
7694651000006116
5346561000006111
6623901000006115
3139661000006118
7089021000006113
7694631000006111
502279010
3292711000006113
291604015
4378021000006118
6677321000006117
6677331000006119
7503191000006111
379770011
1805901000006116
6568451000006118
1222102015
223181000000115
67066018
5986681000006117
5559551000006117
7700931000006115
5982781000006112
5982851000006110
5591881000006119
4009041000006113
5982641000006112
5982571000006115
305268019
146211000006117
305269010
146221000006113
7089041000006118
5986271000006117
7366201000006115
7268571000006119
7813651000006112
606341000006119
4806921000006114
5074201000006119
308950010
2512171000006115
3256531000006117
5074091000006118
5324171000006116
316891000006114
1231967018
3466821000006112
4756971000006115
13971531000006114
5347731000006110
6723061000006111
2590251000006117
2887041000006111
2823531000006112
7380911000006114
6333781000006115
317671000006111
3368051000006115
5352411000006110
413202011
413205013
1770471000006116
5352421000006119
5591731000006111
5591761000006119
4009331000006117
4009341000006110
5591801000006111
5591831000006115
5591861000006112
5591871000006117
510113012
6631771000006113
413210012
413211011
413216018
5591851000006110