3609991000006114
6677271000006113
5123451000006113
453121000006111
1806391000006119
357834014
70464010
2774961000006110
1218808012
40136019
8786013
357823011
453021000006110
357818011
2376391000000118
494096014
453041000006115
3227061000006115
6679851000006110
6679861000006112
1786588010
2502591000006112
3733661000006113
889291000006117
369523011
309123011
40135015
399940016
146927011
13765431000006111
309368012
3079291000006117
119866010
308775018
5684019
15337014
399926017
754411000006117
6566061000006112
357680013
6631271000006117
5127001000006112
3405141000006115
387461013
454721000006114
7649821000006118
12083081000006111
2630821000006111
2567971000006119
308751018
3864031000006116
486791010
4189811000006112
454881000006115
1785104011
3229031000006115
73336017
5122691000006112
131330014
4806121000006111
3168551000006119
4806191000006113
87598010
6663581000006111
5123041000006117
6568231000006114
1788053014
3380601000006111
6663591000006114
3906391000006116
2555281000006114
5123191000006110
6661531000006111
2884341000006119
3080491000006118
6661431000006112
6661441000006119
6661461000006115
6661481000006113
6665181000006116
5128281000006114
3636588013
5130251000006117
3120241000006113
1229441013
477121000006119
357566010
14195661000006110
362991000006116
3635706019
14457051000006119
14686181000006116
14197521000006111
9309971000006118
13873471000006119
3637383010
4804881000006110
308575015
4804911000006110
308576019
4804971000006118
308578018
477371000006116
399916012
14457041000006116
309319012
308579014
308581011
6662581000006119
8110321000006115
2884321000006114
6987241000006114
2884311000006118
378336016
113328010
478201000006118
309012010
45781013
309015012
33266015
142888018
5128191000006115
5098231000006111
1219577016
352222018
82386012
4806151000006119
7819261000006114
32869011
585903012
6512381000006116
308485016
308497015
14502461000006112
5122851000006117
6661301000006113
497341000006116
2884301000006116
6661331000006117
5122861000006115
6661311000006111
889161000006118
889191000006114
676461000006118
498171000006111
4806901000006116
8076581000006111
2913811000006116
6636421000006112
308902011
2172491000000115
1779257016
54925014
72397016
2542421000006117
5124241000006112
2547261000006112
6633101000006119
13940661000006113
6633091000006113
6633111000006116
4054841000006112
6664861000006119
2547321000006113
6670471000006113
5098161000006114
304495015
502631000006111
5124381000006111
1234363013
2813091000006114
308669019
399920011
308653014
308661016
293361010
308489010
516931000006115
6298291000006118
524791000006118
357584012
309114013
3292081000006115
308671019
1788131010
2615041000006114
309313013
5338501000006110
5338491000006119
2597311000006114
127980014
4790791000006111
5122791000006117
3353371000006110
3148021000006114
8034561000006111
6667201000006111
6662121000006114
5128101000006110
6663821000006110
138786017
8191721000006112
14058871000006112
6664811000006117
4161501000006110
3062761000006116
4406031000006118
5128081000006119
889251000006111
3212961000006113
7072611000006114
4354701000006115
5121091000006113
6662331000006114
6662321000006111
5903681000006112
5123511000006113
1583831000006118
1629311000006117
5989171000006115
5989181000006117
2941451000006110
5123211000006111
5123611000006114
3699691000006115
1233663010
1959851000006114
6663551000006115
6663571000006113
5123701000006116
5123671000006117
3336341000006114
6634401000006110
557651000006114
3374041000006116
308859010
308871016
5124081000006113
5124161000006116
559061000006114
6592401000006117
5125101000006116
502810013
5903731000006119
1682951000006115
3715431000006111
5122411000006116
309117018
1290017
2500731000006119
221391000000119
5244381000006111
5467351000006115
3962671000006111
3962701000006112
5122831000006112
13792231000006117
5123091000006114
5123021000006112
5123171000006114
590281000006112
63652013
308624013
591221000006115
5721421000006111
889211000006110
399912014
308527013
14197551000006119
14197511000006115
14195051000006118
3374711000006117
14197541000006116
14196991000006118
308528015
128743013
4804551000006116
308532014
67908018
308622012
4804581000006112
308533016
590631000006113
308509010
98560010
130689015
308510017
2990471000006118
50967012
71306016
590711000006110
308511018
60975016
93035017
399914010
112091013
31691015
590781000006115
4805211000006115
308609016
308512013
81109013
308513015
590831000006112
178428014
137914019
506552014
4804471000006110
308519016
108646019
590901000006110
121124014
308526016
590931000006119
108236013
54060018
674911000006116
138508015
5501981000006111
399913016
308602013
591011000006116
591021000006112
308552010
308560011
53389017
4804661000006118
4804761000006110
591081000006111
308554011
308555012
308618019
2050012
308619010
89646013
77108018
591151000006116
308573010
308515010
38664014
591201000006113
4805261000006117
115978018
223901000000111
6663251000006117
889201000006112
889221000006119
308539017
308623019
889231000006116
1494721011
3148031000006112
219361000000115
399476014
371991000006117
4354871000006117
4354881000006119
484504011
4189071000006110
2844011000006110
309383019
4418821000006112
7582621000006110
22719019
2710601000006118
4804191000006115
889111000006116
3286671000006111
607751000006119
607761000006117
6567551000006118
740221000006117
309315018
12466811000006110
309324010
178429018
154630014
636491000006112
25148011
614361000006113
950591000006112
889151000006115
889171000006113
3480981000006117
2621341000006115
2621461000006110
4054581000006116
4054591000006118
2451531000000112
680801000000119
1680461000006112
2740211000000119
3089811000006118
3089821000006114
889381000006113
889391000006111
308932015
6668951000006118
6668891000006116
13609011
5468251000006110
5123621000006118
13601014
2621441000006111
5123791000006111
7339013
1696331000006114
3252351000006117
5128311000006111
4409391000006114
4409381000006111
754541000006117
4409371000006113
5122881000006113
622951000006114
622961000006111
6667341000006118
5123081000006111
308701011
3789491000006111
6681981000006117
6681971000006115
3789511000006117
5122901000006110
4805831000006110
8342891000006111
5606241000006113
3812021000006111
399927014
143411000006111
7583091000006114
92209015
5123661000006112
69218013
359321011
3170201000006112
4805631000006111
4195081000006110
4510851000006113
5423811000006111
3168561000006117
187689016
309094010
309090018
6667241000006113
6667251000006110
5338811000006110
6680711000006117
399917015
905661000006119
939541000006111
12727631000006116
4806791000006114
4062561000006110
4062591000006119
512310013
3084421000006113
5886801000006117
6662171000006110
6662351000006119
5986641000006111
3636541014
3527080013
674301000006118
7997831000006117
5886821000006110
3081251000006115
1008901000006113
1577061000006119
5359991000006115
5123891000006117
5360001000006113
5123901000006118
6662361000006117
9308901000006116
3084411000006117
5123351000006118
4062611000006113
14197571000006112
8285591000006119
357561017
357560016
82327017
3029241000006110
5122841000006119
646471000006112
101373018
378377017
1787120017
111534011
5129931000006112
5124861000006110
7813771000006112
5124881000006117
6682551000006112
6682561000006114
357806019
357775014
357463017
308677015
1779201013
3457551000006111
6631501000006113
128295016
54848015
286309016
308679017
3110051000006111
97660017
308682010
91065017
308484017
648451000006115
6632801000006115
359970017
2726391000006111
5122911000006113
1779279014
308752013
3638811000006114
3778931000006119
980491000006115
17565013
4354891000006116
4354901000006117
4805991000006118
660871000006118
3084431000006111
3201111000006116
14076941000006111
6663721000006115
6661821000006111
6661811000006115
5123551000006114
3792371000006112
140305017
5122351000006110
6661161000006111
6661171000006116
94953018
357612014
1887571000006111
5123291000006118
4179811000006116
5122931000006119
5122941000006112
5124311000006116
5124281000006118
763411000006112
1132671000000119
6694031000006115
6662341000006116
5122031000006118
5122041000006111
7756141000006118
3565221000006111
6661201000006117
6661221000006110
6663461000006119
6665151000006112
6664261000006118
2619361000006113
6663671000006112
5124001000006116
3117871000006112
2619401000006115
6678631000006111
5124871000006115
378361018
149161013
108844018
806721000006117
101596019
2945381000006113
2775681000006114
3137571000006118
486191017
357558018
3104751000006116
2525821000006112
5124601000006113
5128171000006116
2660261000006110
61797015
251783011
251784017
6667181000006110
5122811000006118
357504010
5624761000006116
3107001000006114
6635101000006115
583341000006117
5129861000006111
115847018
3464511000006112
98642019
4541271000006119
4541291000006118
855271000006114
308564019
829711000006114
308569012
3048271000006111
2957571000006111
7374191000006115
5123051000006115
5123131000006111
5123061000006118
5123221000006115
13792241000006110
5123121000006113
4806931000006112
6679951000006118
3610721000006118
7813191000006112
4189031000006112
400942018
2707271000006112
13624931000006119
787041000006112
3598261000006114
3407221000006112
378337013
857011000006119
2547241000006113
5126011000006113
5126231000006112
5126261000006115
5126241000006119
6669111000006114
7839151000006112
5123461000006110
2233571000000112
6661521000006113
1779345010
492621013
298564016
779631000006110
6634251000006113
6859231000006111
1160721000000115
308625014
308633010
308644019
889271000006118
308642015
308643013
5123861000006113
309116010
1775284012
308587010
6662991000006114
4805061000006113
308585019
4805121000006118
745641000006115
6663041000006112
14199451000006113
394521000006117
309321019
308589013
14199461000006110
6663231000006112
2813141000006118
2813131000006111
1222352016
6635501000006110
5125771000006111
359310019
10833016
358098014
755361000006114
755371000006119
357589019
755381000006116
5139451000006113
5139461000006110
5124051000006117
5123971000006112
5128051000006110
7613811000006119
4830851000006117
754421000006113
6860411000006115
4806581000006116
309378010
308880016
7773018
4830871000006110
5129831000006119
3286601000006117
754511000006116
6383121000006114
754531000006110
9596010
6634001000006115
6633811000006114
5123981000006110
273341000006117
2581581000006115
6609017
1225008014
56856015
4054891000006115
357562012
111418010
13050019
107259017
8963013
308787013
308780010
308783012
1224932013
1232173015
3549561000006112
1233028016
1230103010
308784018
7767021000006117
5124901000006115
5124851000006113
5124761000006117
5124891000006119
5124721000006111
5124841000006111
5103491000006114
5124701000006118
7756211000006111
7756201000006113
5468891000006115
6677251000006115
5124671000006119
7338017
744311000006113
2910831000006115
14141831000006114
14143211000006118
43034019
857301000006115
2921781000006112
6669101000006111
4790781000006113
7530701000006116
2921811000006114
14143661000006117
2655651000006113
496798019
744321000006117
3373991000006110
6662461000006111
6662441000006112
6662431000006119
6662471000006116
9099012
1229868019
3184341000006118
6383151000006117
308812015
2816611000006115
308810011
5752791000006113
5620241000006116
5747941000006118
3393391000006116
4354911000006119
4354921000006110
982441000006111
5124911000006117
2704471000006117
1787682012
2704491000006116
5140851000006119
5864721000006113
4161511000006113
4054861000006111
4054901000006116
3217071000006115
481428012
5124341000006117
38247018
6662371000006112
5123541000006112
2471746019
742821000006115
3636857018
139708013
742911000006116
308864014
4806541000006110
3821921000006111
4806451000006111
4806511000006111
2575151000006111
3374031000006114
308693012
5125901000006119
502127019
3061961000006113
3413681000006117
3413671000006115
326586017
5124411000006114
142271018
717951000006113
1787071017
504424016
1930241000006118
14628211000006114
1930251000006116
2233581000000114
4806561000006114
4806471000006118
308867019
3906471000006113
358102018
57191017
3614111000006119
16507013
681301000006113
3416171000006118
6383131000006112
89586012
889181000006111
357583018
7861881000006115
853841000006115
6679871000006117
3532811000006115
5125791000006112
5338481000006117
7857081000006112
585541000006110
585551000006112
4196861000006119
4196871000006114
135069015
3823951000006115
4805821000006112
402446018
309119015
1781705012
4935751000006110
6049811000006115
485794012
267631000006119
308694018
357559014
5074401000006118
2254351000000110
2593021000006114
10759012
44741000006112
1675561000006111
6220771000006117
6220781000006119
5124791000006113
4805881000006111
309109014
309129010
309361018
309354017
309357012
315785010
308718010
411151000006113
889101000006119
308792010
308790019
309333012
309332019
309311010
309309018
308774019
309326012
308731017
309331014
309362013
309316017
309299010
16481000006112
308835017
16221000006114
309310011
308670018
309312015
309328013
309301015
13461000006110
415241000006117
309377017
309334018
399950015
4515261000006119
7609751000006111
5129871000006116
5130001000006110
483572016
1823821000006111
5236601000006117
311712010
311718014
311216014
400316012
6680761000006119
5123731000006112
5123721000006114
5124611000006111
4403111000006116
6679721000006113
2859951000006113
8342851000006117
309336016
250141000006113
309330010
309335017
146283019
308770011
308756011
3414031000006110
17555019
308757019
243501000006111
2759071000006116
308761013
308755010
308762018
418271000006117
3609971000006113
2632961000000119
142845014
308664012
108297019
308660015
3092151000006115
763291000006118
3066371000006111
476760014
82318018
6668781000006112
357563019
5573401000006117
6663661000006117
6661801000006118
2645974013
6680021000006111
1227454013
357830017
6680011000006115
5090161000006111
7338731000006111
309014011
5123001000006119
5123011000006116
4192591000006111
308568016
38016018
5122971000006116
3871911000006119
2860981000006116
5122581000006110
3532821000006111
2823171000006117
2823161000006112
308771010
889301000006116
889311000006118
7308181000006116
1781460018
226461000006117
308772015
851151000006114
4806031000006113
243461000006111
17554015
1863241000006113
201278011
3906491000006114
128227017
5128811000006115
308716014
7337010
308483011
308773013
4409331000006110
198791000006112
5098191000006118
352411015
5127981000006116
2660251000006113
3906461000006118
309092014
7782121000006116
3623851000006115
75468010
220511000006117
143230018
309091019
889511000006112
6667221000006118
6662151000006117
12727901000006119
6634261000006110
133466017
6383141000006119
5130771000006119
102819015
5244281000006118
2941441000006113
7813591000006117
3511581000006114
4189011000006118
5122961000006111
106630017
308809018
198001000006115
308807016
198021000006113
92436015
3543221000006118
4515251000006116
158288011
3346661000006118
5123241000006110
5123141000006118
5123071000006113
3090601000006111
308753015
905681000006112
308725015
308776017
4805751000006114
308733019
11930641000006119
2239001000000113
308734013
308735014
308739015
308740018
308741019
5123911000006115
14197581000006110
6663611000006115
198841000006110
308744010
308745011
308746012
308749017
308732012
308750017
4805951000006112
312521010
14197561000006117
5123881000006115
55628018
4515241000006118
2589441000000117
9310141000006117
5139581000006118
4805761000006111
55627011
308730016
5139601000006111
5123921000006111
5123931000006114
5123941000006116
5123951000006119
198881000006116
6669881000006111
93510018
3413641000006111
98310017
192189011
195021000006118
308747015
2941481000006119
2941411000006114
50054011
123871011
3285221000006115
1137101000000119
5128331000006117
7614351000006114
308769010
33456014
308696016
1778393010
5027621000006115
17666017
308692019
4053451000006114
889281000006115
5027601000006113
5125861000006114
4805871000006113
5123531000006119
161571000006113
3318761000006119
3318751000006116
6942111000006110
357623013
309367019
557231000006116
3543271000006117
5140921000006119
309413012
6995961000006113
3949121000006118
6682461000006113
6665801000006116
6221611000006113
3904071000006114
2913641000006118
3910011000006112
3318721000006113
4515171000006119
3318731000006111
143792011
309155011
3540251000006118
1783489011
987591000006117
4515191000006118
309144011
309147016
309148014
106347012
889121000006112
84230010
220911000000115
889131000006110
84231014
4515181000006116
6667531000006117
6678621000006113
6633901000006117
13128017
1930261000006119
5123831000006116
5124711000006115
399951016
308834018
137971000006117
7751381000006116
357874015
2901791000006118
2876921000006114
6689161000006114
3071951000006119
8047981000006115
3071961000006117
309121013
2668621000006116
12023981000006119
5122611000006119
308785017
359447015
3361111000006114
5123601000006111
42149019
6679711000006117
2705191000006111
3464541000006111
3876641000006116
140307013
2502541000006115
308879019
6664991000006119
100341000006117
19014018
82791000006119
123913018
3227071000006110
6632191000006117
4588281000006118
5647451000006115
430281000006110
308855016
309323016
5123871000006118
3715451000006116
3715411000006117
309192011
309193018
309203019
71051000006113
130662013
489882019
906691000006119
939531000006118
884781000006111
5575541000006118
6029061000006110
6029071000006115
411635018
300723011
2932291000006112
2932281000006114
6289461000006116
4354811000006114
4807401000006110
6667231000006115
633041000006119
545831000006111
85377012
38086011
47560014
94346015
145353016
6662381000006110
6670491000006114
6683081000006115
6663621000006111
3081261000006118
5809761000006119
5128141000006112
5244311000006116
5124651000006112
77439010
53821000006111
6661271000006111
3418761000006113
354852017
5124621000006115