25897016
58046010
106392017
106394016
118689010
125470015
130375018
145925010
158118014
251692018
264499015
294656010
299342019
300312010
300313017
300321011
300322016
300344014
300345010
300348012
300349016
300352012
300353019
300362017
300363010
300364016
300366019
300370010
300371014
300411016
300941014
300943012
345639010
345650013
345655015
345658018
345684012
345718011
360778011
395780010
395783012
395788015
405339016
411518010
413750011
451133011
451134017
451371010
497559016
499739014
1212072018
1222398015
1227591017
1227592012
1780304018
2474651019
2476091017
2476647018
2534196010
2534212018
2534253014
3505637014
3505639012
3505651014
3505653012
3505881015
3508952018
3508955016
3508956015
3508958019
3508961018
3508962013
3508964014
3508965010
3509781019
3509790014
3509794017
3509799010
3509810017
3509817019
3510959018
3510961010
3510963013
3511086012
3511955015
3511959014
3512170017
3512174014
3512176011
3512178012
3515794015
3517034010
3636133016
3636136012
3636141016
3636143018
3636969013
57341000006119
67501000006115
67511000006117
95931000006111
95961000006119
122361000006113
122401000006115
138981000000113
139081000000117
139091000000115
149571000006118
149701000006118
218511000000117
363791000006112
370661000006114
370701000006118
371641000000112
399031000006111
416991000006112
423221000006117
426321000006116
426481000006114
524511000006116
524541000006117
542251000006112
542261000006114
542831000006116
543141000006110
605461000006117
605481000006110
605491000006113
605501000006117
696161000006115
809421000006116
884501000006113
884511000006111
884521000006115
884531000006117
884561000006114
907581000006119
907591000006116
908801000006114
909171000006115
966981000006112
986831000006115
988951000006117
1148331000000111
1160471000000111
1562581000006114
1667741000000110
1726581000006116
1784651000006110
2115821000000118
2118011000000114
2126181000000114
2127781000000110
2171081000000116
2726591000006119
2729551000000111
2729571000000119
2893541000006113
2901571000006113
3414231000006117
3414251000006112
3414261000006114
3441831000006111
3728451000006116
3777981000006119
3778021000006116
3930471000006118
3930491000006117
3930501000006113
4057031000006117
4057041000006110
4057051000006112
4193641000006111
4193661000006110
4270361000006116
4540591000006113
4778181000006119
4778201000006118
4778311000006112
5010981000006119
5011041000006118
5011051000006116
5011061000006119
5011071000006114
5011081000006112
5011091000006110
5011101000006116
5011111000006118
5011121000006114
5011131000006112
5011141000006119
5011161000006115
5011171000006110
5011181000006113
5011191000006111
5011211000006112
5011231000006118
5011241000006111
5011251000006113
5011261000006110
5011451000006114
5011461000006111
5011471000006116
5011491000006115
5011501000006111
5011521000006118
5011531000006115
5011541000006113
5011551000006110
5011841000006110
5492171000006112
5492181000006110
5492201000006111
5492221000006118
5582311000006110
5582321000006119
5582331000006116
5582351000006111
5649201000006113
5912811000006111
5967391000006111
6348291000006115
6348301000006119
6837051000006119
6837061000006117
6846141000006118
6908391000006111
6990981000006114
6990991000006112
7054171000006115
7064691000006118
7067291000006113
7289121000006119
7289131000006116
7295961000006113
7519441000006112
7839991000006115
7855631000006111
7855641000006118
7855711000006113
8044481000006118
8195431000006118
8231151000006110
9875951000006116
9875961000006116
9912271000006112
11920121000006116
12626401000006116
12734411000006116
13717171000006112
13718601000006110
13718621000006116
13718641000006112
13905301000006116
13909861000006114
13909871000006120
13909881000006116
13909891000006118
13909901000006120
13966821000006114
13967201000006116
14068071000006114
14172901000006118
14172931000006114
14182621000006112
14194161000006118
14194191000006114
14194211000006110
14194281000006116
14194331000006112
14194491000006118
14194571000006116
14194611000006112
14194621000006116
14194641000006112
14194651000006114
14194661000006112
14194721000006112
14194741000006118
14194801000006112
14194811000006114
14194841000006112
14194941000006116
14194971000006112
14492751000006112
14518501000006112