2160091013
379311000006112
397781000006116
398111000006111
398161000006114
397591000006114
397601000006118
398701000006112
398711000006110
318008018
423031000006112
325616013
2548250015
994121000006119
2549225010
2549001012
2548756013
2549886016
2548888013
4765991000006115
359651000006119
1976811000006117
1976821000006113
127011000006111
359661000006117
961561000006116
5827421000006119
5768201000006116
5768301000006112
5818551000006119
5827641000006111
5827681000006117
5172971000006115
328646010
328686019
449141000006116
328650015
328651016
328652011
5023891000006111
14233311000006114
8274241000006116
1620921000006116
1550291000000111
1012911000006111
342492018
13940401000006110
2475575018
2475574019
2475572015
2475573013
2475571010
757281000000111
3878511000006117
13940411000006113
2844481000006114
7091761000006116
295201013
295200014
295198015
295199011
295197013
481371000006116
7099461000006110
3636421019
346938014
291791000006118
5247561000006115
346928016
346941017
882491000006110
988911000006118
346942012
7088141000006110
2914991000006116
1662951000006118
342525010
2865481000006117
6610051000006116
397831000006113
295187016
295190010
7849361000006111
295188014
295189018
295191014
9356671000006113
397551000006115
7094221000006119
5827381000006112
7849721000006118
401793014
7582881000006113
3142901000006117
398151000006112
397581000006111
882481000006112
988921000006114
4177311000006117
1700241000006116
1700251000006119
1700261000006117
6465531000006111
5733091000006115
397891000006112
5549121000006116
5778901000006115
295173016
295178013
7859621000006111
295176012
295177015
295179017
4987811000006117
2948761000006113
7108551000006111
295172014
7958211000006117
295877018
397641000006116
7859641000006116
5733301000006112
3916281000006114
3510721000006113
2881581000006119
295239017
295236012
295237015
295238013
295235011
295234010
295228015
295232014
295233016
295230018
295231019
295229011
2532946014
2549182017
2549537011
2548767014
5023881000006113
6025041000006113
6025051000006110
4987831000006111
980081000006112
342518015
1495037019
2548235012
406071000000119
968671000006118
14309831000006114
342522013
1994311000006113
2534187010
13949481000006113
14627031000006112
371621000000117
2537281000006115
2604131000006116
615701000006114
5506501000006116
13716011000006116
14013791000006119
6252301000006112
6252291000006111
7240541000006119
346943019
6850101000006119
14577861000006119
3527707018
3984641000006113
2537051014
342510010
2923041000006117
4979111000006111
4979091000006119
405581000000116
3878521000006113
6218931000006110
968401000006110
342438017
630061000006111
630051000006114
21261000000113
285115018
1694131000006117
295146017
379301000006114
910591000006118
379251000006119
379261000006117
379271000006112
295213015
3476221000006116
461113010
405031011
285119012
397153012
379321000006116
1676621000006110
1852651000006111
295145018
295241016
630281000006113
306144010
306146012
630321000006119
630311000006110
2533722018
2533733015
306145011
630331000006116
2533721013
630361000006113
1563941000006115
8060191000006111
3498821000006110
303971000000117
342498019
342499010
342497012
2475871000000111
4763311000006110
4763231000006112
342472013
4979581000006110
342468014
4949701000006113
1897761000006111
1897741000006112
1897751000006114
973021000006110
683271000000115
1680621000006115
4979131000006117
1216143019
851461000006115
2246691000000115
237641000000113
235741000000110
8075731000006113
1153431000000110
1704471000006116
294693016
630831000006113
129602013
460927010
12457491000006110
3423791000006118
2467341000000114
7253381000006111
2817457012
2485431000000118
460830016
6240301000006113
2670794016
910581000006116
8437171000006114
294687012
294688019
294690018
294681013
294682018
294679011
294680014
4763211000006118
342520017
4640081000006110
987551000006111
987561000006113
987571000006118
2548317017
8225001000006112
309861000000116
295240015
8454501000006115
8065181000006115
2548201014
2548581013
3223891000006111
3223901000006110
3223881000006113
386351000006110
317674018
317675017
318059017
318060010
317676016
4979081000006117
295441000006116
2533651012
342509017
342507015
342467016
342476011
882511000006116
295212013
295218012
295217019
295215010
295216011
295214014
342466013
512121000000110
512191000000113
512181000000111
512111000000116
512161000000119
512131000000112
512141000000115
512331000000110
512391000000111
512541000000111
512211000000112
512571000000117
512451000000110
512481000000116
512301000000116
512511000000110
512601000000112
512641000000110
512151000000117
512351000000115
512561000000112
512231000000116
512591000000118
512471000000118
512501000000113
512321000000113
512531000000119
512621000000115
512171000000114
512341000000118
512401000000114
512551000000114
512221000000118
512581000000115
512461000000113
512491000000119
512311000000119
512521000000116
512611000000114
2476701016
251627017
2159187014
6218891000006118
64025010
295211018
295210017
295208019
295209010
295207012
14500861000006111
3576821000006114
2740851000000119
2740871000000111
2740911000000113
7860111000006111
342506012
342471018
342430012
817251000006118
5008561000006119
265083012
757341000000110
820221000006118
8083461000006115
8271301000006112
8083301000006113
8083331000006117
8083491000006111
8083381000006116
8083441000006119
8083421000006114
8083841000006116
8084011000006112
8083531000006111
8084471000006113
8084151000006112
8084221000006113
8083761000006110
512361000000117
8084551000006119
2474734017
4539911000006118
6354611000006118
8085021000006117
8083401000006116
8083911000006110
8083571000006114
8084511000006115
8084191000006118
8084271000006114
8083811000006115
8084351000006110
512381000000114
9921921000006119
1584851000006110
2418861000000117
6749211000006117
6515631000006118
404961000000116
8083361000006114
346501000006111
12703401000006113
497451000000119
8083871000006112
8083551000006116
8084491000006114
8084171000006119
8084241000006118
8083781000006117
512371000000112
8084571000006112
1538431000006117
1538451000006112
1538421000006115
1538441000006110
346927014
295171019
401791011
295170018
295168010
295169019
295167017
450216018
5963771000006115
5963761000006110
397701000006113
397721000006115
4979281000006112
2301851000000116
264900018
2533642016
339576014
342457014
342455018
8364841000006118
8455191000006116
8364831000006111
8364821000006113
8364881000006112
8364891000006110
8364851000006116
8364871000006114
8364861000006119
8437931000006114
8414771000006114
8437951000006119
8437911000006115
8364781000006119
8364761000006112
8364911000006112
5827431000006116
8075271000006115
5827651000006113
5827691000006119
5827481000006115
2625741000006116
3781811000006119
2625771000006112
7860081000006117
2729271000000116
2535920017
4979351000006110
2535919011
1880411000006116
342465012
2549918014
4979521000006111
4979511000006115
4979501000006118
6381651000006110
7860121000006115
5818541000006116
1219239011
1850101000006117
346945014
8112131000006115
342434015
13792911000006115
346936013
369851012
2748961000006117
346935012
4987901000006114
718011000006110
2660731000006113
7958201000006115
397141000006111
397171000006115
397191000006119
397221000006114
397251000006117
397291000006111
980161000006115
397301000006112
397311000006110
397321000006119
397331000006116
397341000006114
397351000006111
397441000006118
980181000006113
980131000006112
980091000006110
980171000006110
397491000006110
397501000006119
397511000006116
397521000006112
397531000006110
1974011000006116
1973861000006111
1973961000006115
1973891000006115
1973991000006111
1973931000006112
1973831000006119
1971751000006119
1971881000006117
1971901000006115
1971841000006111
1971821000006116
1971871000006115
1971791000006113
397561000006118
1976201000006119
1976361000006111
1976381000006118
1976311000006113
1976291000006114
1976341000006112
1976221000006112
397571000006113
1972491000006112
1972581000006113
1972591000006111
1972551000006117
1972531000006112
1972561000006115
1972511000006118
1972361000006110
1972281000006110
1972331000006118
1972301000006114
1972351000006113
1972321000006116
1972261000006117
1972431000006113
1972381000006117
1972461000006116
1972441000006115
1972391000006119
1972411000006119
1972241000006116
1972221000006111
1971811000006112
1971781000006110
1972841000006117
1972811000006116
1974581000006118
1974571000006116
397631000006114
1971801000006114
1972801000006119
1972851000006115
1971861000006110
1971851000006113
1971891000006119
1971831000006118
1973791000006114
1973611000006112
1973731000006110
1973651000006113
1973751000006115
1973691000006119
1973581000006116
1973941000006119
1973881000006118
1974001000006119
1973971000006110
1973901000006116
1973911000006118
1973561000006114
1973511000006111
1973131000006114
1973071000006111
1973111000006115
1973081000006114
1973121000006111
1973101000006118
1973051000006118
1975011000006115
1975121000006112
1975151000006115
1975101000006119
1975061000006117
1975111000006116
1975031000006114
1973031000006113
1973021000006110
1971991000006110
1972001000006112
397751000006112
1972761000006111
1972781000006118
397761000006114
1971971000006114
1971921000006113
1971931000006111
1971951000006116
1971941000006118
1971961000006119
1971981000006112
397771000006119
1971621000006115
1971481000006119
1971511000006110
1971581000006115
1971551000006111
1971611000006111
1971641000006110
1971691000006118
1971731000006114
1972721000006117
1972651000006116
1972691000006110
1972701000006110
1972741000006112
397821000006110
397841000006115
397851000006118
1973291000006116
1972951000006112
1972981000006116
1973211000006114
1973201000006111
1973261000006112
1973311000006117
397861000006116
1973361000006119
1973431000006116
397871000006111
397951000006110
397961000006112
1974461000006110
1974531000006119
398001000006114
398011000006112
1975451000006112
1975311000006118
1975331000006112
1975391000006111
1975361000006115
1975421000006115
1976981000006117
1973171000006112
1973141000006116
1973191000006113
1973181000006110
1973151000006119
1973161000006117
398021000006116
398031000006118
1972991000006118
1973011000006119
398041000006111
1973521000006115
1976871000006114
1973421000006119
1973471000006118
1973451000006111
1973491000006117
1973541000006110
1974271000006119
1974201000006113
1974321000006110
1974291000006118
1974241000006110
1974261000006114
1973571000006119
1973591000006118
1973771000006113
1973631000006118
398051000006113
398061000006110
398071000006115
398081000006117
398091000006119
12719191000006114
12718221000006111
397541000006117
397731000006117
397131000006118
980141000006119
397741000006110
397151000006113
397711000006111
398671000006111
397361000006113
398281000006112
398741000006114
397481000006112
980121000006114
980111000006118
980101000006116
7263121000006115
6515061000006116
398261000006119
1973231000006115
1973351000006116
1973371000006114
1973301000006115
1973281000006119
1973331000006111
1973251000006110
398271000006114
346937016
5733201000006116
969871000006110
969371000006117
969601000006117
970311000006111
969621000006110
969611000006119
969981000006118
969851000006117
969931000006119
7583431000006118
970321000006115
970741000006111
970571000006114
970201000006117
969921000006117
969411000006116
969531000006114
969831000006112
970101000006110
968691000006117
968731000006113
968721000006110
968711000006119
968681000006115
970141000006112
969431000006110
970071000006117
969581000006110
970271000006111
969461000006118
969661000006116
970341000006110
969471000006113
969781000006115
969771000006118
969761000006113
969321000006118
970031000006115
970161000006111
970501000006115
969641000006115
969651000006118
969681000006114
969421000006112
970581000006112
969071000006115
970331000006117
970561000006119
295340017
969151000006112
970671000006113
970601000006119
969561000006117
969891000006111
969301000006111
970721000006116
970151000006114
969801000006116
970121000006117
970181000006118
970021000006118
969971000006116
969481000006111
970691000006114
970351000006112
970371000006119
969591000006113
969451000006115
969551000006119
969511000006115
969861000006115
970261000006116
970611000006116
969721000006119
969491000006114
970171000006116
970081000006119
969821000006114
969631000006113
969691000006112
970061000006112
969731000006116
970191000006115
970641000006117
970221000006110
970211000006119
969671000006111
970401000006116
970421000006114
969441000006117
970051000006110
970701000006114
970241000006115
970631000006110
7030041000006115
969501000006118
970651000006115
969941000006112
969881000006113
970591000006110
969961000006111
969351000006110
970621000006112
970541000006118
969571000006112
295327010
970711000006112
970661000006118
970041000006113
969841000006119
969951000006114
970001000006111
969751000006111
970491000006111
970441000006119
970551000006116
969521000006111
970471000006110
970511000006117
969811000006118
969541000006116
969901000006110
970521000006113
970461000006115
970111000006113
970091000006116
494053016
852211000006112
8271291000006111
477158014
342441014
342451010
342452015
342450011
324234010
398681000006114
398691000006112
398721000006119
398731000006116
398751000006111
988901000006116
988901000006116
4979231000006111
8191161000006117
407241000000119
8111361000006118
1538881000006119
2474645012
12619091000006119
401801011
500344018
882521000006112
5506561000006115
2475580010
2475577014
2475578016
938481000006114
938451000006118
401800012
295314011
586641000006118
586651000006116
295312010
586661000006119
295321011
586671000006114
295316013
295261010
295266017
295265018
295263013
295264019
295262015
295299015
295305018
295303013
295301010
295302015
295300011
295276019
401798017
295275015
295272017
295274016
295271012
295289013
401799013
295288017
295286018
295287010
295285019
295322016
295328017
295326018
295324015
295325019
295323014
295298011
295338010
295336014
295337017
295335013
342439013
2371251000000114
2549719012
2548616017
342484010
342486012
297031000000117
4120431000006119
294686015
294692014
295227013
401796018
295226016
295224018
295225017
295222019
5827631000006118
5827661000006110
5827671000006115
5827601000006114
5827621000006116
42772010
7624371000006111
2566911000006114
2548434014
460277016
1153411000000119
1714461000006113
301529016
9492971000006117
4979221000006113
342435019
7305481000006116
3331961000006116
342526011
355550012
2548950012
476311000000116
476791000000114
477991000000114
475351000000110
478231000000119
477271000000118
477511000000114
476071000000112
477751000000115
476551000000111
478471000000116
8087671000006116
968661000006113
2548992019
342496015
342494017
631001000006115
2548750019
12626671000006112
1867021000006117
397471000006114
2537261000006113
3984651000006110
398141000006110
11792541000006117
980151000006117
14682521000006110
2681431000006113
8342781000006115
11777101000006116
199931000006119
411458014
7859631000006114
2729251000000113
7034041000006111
2549278014
940651000006119
541061000000116
2640381000000112
2640651000000111
1949271000006119
8260571000006111
2549646014
189631000000117
857401000006112
1780455014
13763901000006112
494891000000118
2549921011
494951000000116
1926121000006115
968421000006117
8061421000006113
540591000000111
2733881000000116
304961000000114
304911000000112
968461000006111
1949301000006117
6718471000006113
972821000006112
342504010
107023015
2673574010
2239231000000111
1851631000006110
1854731000006115
2264491000000115
6025751000006113
456935019
1063801000000119
540681000000110
1153451000000115
1704461000006111
342475010
4979621000006110
342478012
342477019
342473015
12618991000006114
2716861000000113
2659681000000114
342456017
6218981000006111
342443012
342444018
342445017
1716731000006118
342447013
4979361000006112
4980651000006118
1994301000006110
6379541000006116
127611000006118
7251261000006110
401794015
127621000006114
2551020015
295339019
910601000006114
1809481000006117
6025031000006115
456900016
1924681000006115
6218961000006118
1809471000006115
1627491000006112
1735911000000119
1736031000000116
6880921000006119
6880911000006110
2449401000000118
2533726015
300081000000111
2533731018
2533732013
1823491000006111
305121000000119
2533634017
2307771000000112
2307811000000112
6880971000006118
968631000006116
970281000006114
969911000006113
969401000006119
968651000006111
969711000006110
969741000006114
969701000006112
969791000006117
970251000006118
969991000006115
970531000006111
968751000006118
531051000000115
8034451000006113
1877121000006113
530931000000116
530991000000115
1948781000006119
305731000000118
1907701000006117
305701000000112
6218951000006115
6016081000006118
940761000006114
958911000006110
974591000006115
940791000006118
6448151000006111
6218971000006113
5231151000006119
3527459013
1700011000006110
342490014
342501019
342503016
342502014
342491013
499838014
216586017
3559668010
14358081000006115
1700311000006112
757401000000119
342489017
342485011
981831000006113
346944013
397691000006113
8297761000006113