5057141000006119
4777351000006114
5590611000006118
5296361000006119
5613821000006111
5296321000006113
5296351000006116
5057101000006116
5057121000006114
20728011
5057171000006110
7703831000006118
256480012
7063881000006115
5057041000006118
7703911000006117
4586661000006110
256481011
20729015
303131000000116
7046521000006117
5057071000006114
5295441000006115
3309351000006110
5296331000006111
884361000006119
300106011
300110014
300111013
300114017
111643014
300119010
300126010
300129015
5057051000006116
5057091000006110
5057111000006118
3681501000006111
300167017
5057151000006117
2602941000006117