132937017
132939019
187741017
196816014
197005012
197877018
199169014
201241013
201417012
302369017
302370016
302384014
302393010
302413013
302442017
353150017
375073013
450784010
481333012
494253010
498969017
498970016
500550012
500552016
216271000006119
219431000006113
267181000006111
267191000006114
281961000006111
538051000006119
755101000006110
893091000006114
2679471000006118
2679501000006113
2679511000006111
2804981000006110
2996681000006115
2996701000006117
3139451000006117
3232851000006114
3235541000006118
3438321000006112
3515511000006117
3529521000006115
3587481000006115
3587511000006111
3587521000006115
3803181000006117
3803201000006116
3803211000006118
4194191000006110
5082561000006116
5082581000006114
5083151000006115
5083171000006113
5222591000006110
7230051000006110
7774181000006117