33469013
35727012
36888019
48600017
57561015
68268011
91116012
100438013
116846019
136211012
150375010
153761017
178809013
196525014
200396013
251587014
251588016
251589012
251590015
258486011
258487019
264730019
264748011
292284013
292327018
292330013
292331012
292334016
292338018
292339014
292343013
292346017
292347014
292350012
292354015
292356018
292361016
292362011
292365013
292366014
292372014
292373016
292376012
292394018
292395017
292396016
292397013
292400016
292401017
292402012
292403019
292404013
292408011
292417011
292435019
292437010
292440010
292448015
293750016
293751017
297588017
297591017
316625012
329968011
355932011
355957018
355961012
355964016
355987012
356224019
356406019
398769011
398780011
398782015
398783013
398784019
411528018
412221013
415431010
415432015
472452010
481187014
481188016
486644011
486645012
490987015
493538010
502891013
1233040016
2474336017
2533420013
2533422017
2533534011
2536050019
2548835019
2548990010
88781000006119
101171000006116
101581000006112
101891000006113
101911000006110
123651000006111
135951000000113
139031000000116
139171000000115
208391000006113
211321000006115
216181000006112
225971000000116
379441000006115
404791000006117
406721000000115
413721000006119
542671000006117
554221000006113
583281000006118
583291000006115
588661000006115
600791000006112
637341000000118
642261000006117
682701000006117
759341000006113
881371000006111
881381000006114
881391000006112
881401000006114
905741000006112
933261000006110
940091000006115
940101000006114
940111000006112
940121000006116
988821000006117
988831000006119
1539151000006110
2545471000006113
2558111000006118
2558141000006119
2558181000006113
2558191000006111
2783761000006119
2849751000006113
2849771000006115
2849831000006114
2922501000006118
2922511000006115
2933321000006112
2933341000006117
2966801000006110
2966811000006113
3152641000006114
3152651000006111
3159171000006117
3438791000006113
3613541000006112
3700951000006119
3700961000006117
3714541000006116
3714551000006119
3843671000006116
3843681000006118
3843691000006115
3927661000006113
3950881000006119
4012831000006119
4012851000006114
4197341000006114
4539531000006117
5108031000006113
5108041000006115
5108351000006116
5108381000006112
5108391000006110
5108401000006112
5108411000006110
5108441000006114
5108461000006113
5108471000006118
5108491000006117
5108841000006112
5111241000006117
5112881000006118
5500041000006112
5581801000006112
5581821000006119
5581831000006116
5581841000006114
5581851000006111
5581861000006113
5581871000006118
5581881000006115
5581911000006115
5587171000006118
5720991000006112
5721011000006111
6196461000006114
7084321000006110
7736941000006115
7768871000006110
7776171000006111
8043051000006119
8043251000006111
8118651000006118
8118661000006116
11823241000006120
11903731000006120
14420441000006110