7068961000006113
286332017
286333010
286334016
288006011
299935013
299882019
4776411000006118
504231000006117
303438012
3377271000006114
2533741015
3788091000006112
62169019
606691000006115
281631019
2000751000006112
641081000006113
2530991000006111
286309016
2533740019
2437721000000112
1230741010
304780016
286296018
251538012
4539211000006114
1140001000000117
20683012
3936801000006113
2611701000000117
286217014
132741012
286235017
128905016
286232019
2533738012
298355010
287960015
287959013
287958017
287967017
287964012
287966014
667971000000118
2655651000006113
732921000006113
719321000006114
18298019
715791000006113
715801000006114
715811000006112
715821000006116
715831000006118
715841000006111
710951000006114
79348014
286336019
288008012
2646197017
286426014
286436018
287023017
3331711000006117
2934801000006111
1760211000006116
4229091000006119
3085881000006110
1788181018
264412013
3294571000006116
2533971018
405021000006117
286271016
286272011
288007019
413241000006118
286223016
286335015
286221019
286252018
286257012
286337011
286268012
387571000000119
288003015
3162961000006114
1230111017
451125010
454208016
301563019
2867041000006113
2826381000006111
3079711000006117
887931000006118
208961000006118
286215018
206221000006117
3529611000006112
878951000006115
146495016
105237015
286216017
203531000006112
193801000006119
239551014
286222014
2533737019
73939018
175141000006119
424871000006117
424881000006119
175131000006112
168861000006111
2533736011
156441000006115
3847031000006115
286311013
287961016
287962011
288298014
287965013
1222160013
1834101000006111
404560019
2533735010
14626771000006114
299883012
4514611000006118
3214051000006119
3421371000006119
264413015
3019561000006119
3449531000006114
2569701000006119
282858010
1934641000006111
1934651000006113
1934751000006115
1934681000006117
107751000006115
3449541000006116
2548770013
59684010
2549441013
94320019
286338018
429601000006111
907551000006110
878981000006111
878971000006113
286303015
88991000006119
89011000006116
878961000006118
879001000006114
89021000006112
111268016
89061000006118
715781000006110
2533972013
2690961000006116
1235995011
286281017
89101000006115
89121000006113
4733121000006112
286325014
65908017
53904019
311932019
311926012
1494889019
2780081000006115
286284013
286220018
286269016
149683011
311912015
286323019
138730017
3861111000006112
81815010
286322012
286294015
286273018
7551011
2569691000006119
123534017
24141013
2724731000006119
2724741000006112
3476611000006110
286270015
130160016
286231014
286283019
73938014
286286010
28980013
2771931000006116
2771941000006114
64199010
89391000006112
311916017
311924010
286329015
311914019
286219012
89091000006114
89451000006113
286238015
107761000006118
286242017
286239011
2673241000006110
286289015
3661191000006113
136831015
138939013
3449511000006115
89511000006113
89521000006117
311923016
43285015
87729013
93954019
288004014
311925011
286295019
311922014
286291011
286297010
286331012
286282012
286327018
286330013
288005010
3594001000006114
127902015
286314017
286224010
34267015
13280016
27784014
311915018
286306011
406201015
20900014
7333551000006115
64723010
1228335014
286328011
63627011
311931014
311930010
311929017
4819611000006118
311928013
311927015
311919012
311921019
311920018
4819551000006118
311918016
311913013
45053014
142044014
311917014
134962018
286288011
2535679015
970941000006114
82541000006118
1228336010
68651015
82741000006111
82761000006110
82771000006115
380421000000115
387991000000112
56584015
82791000006119
878991000006114
6357151000006119
286262013
2548529013
18908019
293128014
82841000006116
5055841000006117
82801000006118
104401018
286317012
286320016
3306201000006110
303801017
24683016
151549019
82911000006110
286265010
286267019
59375015
2693131000006115
3861121000006116
5098451000006115
139795018
123913018
149374011
40681016
311548014
131348017
296922015
83031000006112
286321017
116837013
20174015
2673231000006117
118567019
97107015
286260017
52073015
5059871000006111
57296016
286285014
139628019
286292016
286293014
3454671000006114
83161000006116
74349016
2730071000006112
286225011
286230010
286214019
83211000006113
132731014
49747014
61952018
108231015
82550012
3079721000006113
43134017
6041561000006118