908411000006114
2156901000000119
6933401000006112
357894012
8304051000006113
8304041000006111
906741000006117
2721251000006117
7700041000006112
8284541000006112
14308141000006116
406091000000115
918041000006117
1787140012
4939841000006116
5816731000006115
918071000006113
918101000006115
3067481000006115
309188016
479493015
3085761000006110
3085751000006113
6717631000006114
7984711000006111
7103391000006115
9310731000006111
2926851000006118
7297581000006118
309187014
9311451000006119
7128761000006114
1647761000000119
2127541000000111
8438971000006113
6020431000006117
6020421000006115
2983901000006111
6020951000006118
1816831000006112
1816881000006113
889551000006113
4590631000006116
256983018
4590601000006112
7839861000006115
9313441000006115
6348911000006117
910501000006113
906711000006116
910491000006117
6985411000006117
8428651000006113
1997621000006116
4936821000006118
282156012
918001000006119
7381401000006110
4949241000006119
14514811000006116
14514831000006110
14514851000006115
14514871000006113
741781000000112
8256441000006113
8256451000006110
741801000000113
8256461000006112
8256491000006116
741821000000116
8256521000006119
8256531000006116
741841000000111
1752401000006112
8123031000006119
8123051000006114
8123071000006116
8123091000006115
8287921000006118
8287891000006112
512081010
7969001000006112
8026041000006113
456402016
5122211000006117
6670971000006116
2232441000000113
251785016
1715091000000116
1780371013
8026061000006112
1647781000000111
300728019
771421000006113
5126451000006116
8044221000006116
357895013
2721231000006112
309177010
14071551000006111
7108391000006114
5126461000006119
5126441000006118
4807571000006117
7108401000006111
856661000006112
748661000006111
357890015
906671000006115
909541000006117
931941000006116
908901000006115
908911000006117
908891000006119
405741000000115
405721000000110
8034861000006113
908411000006114
959821000006117
8283891000006115
2133441000000115
8283881000006118
5126401000006115
309180011
357893018
8238701000006116
486094011
5126491000006110
309179013
322645015
498448012
1724321000006115
3067511000006111
8044171000006110
6683661000006119
13790061000006119
2152971000000114
280551000006114
399941017
2617509017
14544061000006115
5481571000006110
1647741000000115
2532976019
1488396017
451405015
2533104014
2532977011
1488395018
451404016
2533103015
255854010
255857015
255856012
6866781000006116
6546281000006117
8452801000006111
3466131000006115
317345019
1628013
910511000006111
14627491000006116
14627531000006116
14627501000006112
14627511000006110
14627521000006119
1779199011
208311000006115
908861000006110
926371000006117
926401000006119
1938931000006117
4939821000006111
208331000006114
4943281000006111
4943211000006116
4943181000006115
4943241000006117
907211000006112
608941000006119
994521000006110
6950301000006112
1992981000006111
7643691000006117
2003861000006110
4590561000006112
4943111000006110
4943271000006113
9310941000006115
7518561000006117
4943051000006112
4943141000006114
4943081000006116
4943201000006119
7518541000006116
7345381000006118
4943171000006118
7518571000006112
4943231000006110
4943021000006115
4943261000006118
2016551000006119
6956981000006116
6952071000006117
6980511000006111
6957041000006111
886011000006114
123871011
1776781000006112
1776931000006113
2153151000000114
3184151000006119
8280621000006112
298211000000119
8284971000006112
8233901000006112
857691000006119
163041000006111
2912880018
2655351000006116
479631000000114
8438961000006118
1922921000006116
913591000006110
14084121000006118
5887461000006116
7308711000006110
1816841000006119
1816851000006117
1816861000006115
1816871000006110
8047981000006115
8214991000006111
256982011
926381000006119
458425010
88521000006110
456401011
292540012
84451000006112
292579018
84631000006119
292538019
84821000006118
292581016
85001000006117
13919691000006119
5981271000006114
4055181000006114
5981281000006112
5888081000006119
13919651000006113
5888091000006116
5983211000006116
13931401000006116
13953211000006119
7235821000006118
4055151000006118
4055161000006116
5888101000006110
5983221000006112
9313691000006110
13931411000006118
17052014
5983291000006114
7684151000006114
7684161000006111
7084781000006113
5888071000006117
8044181000006113
6974601000006113
884791000006114
5730501000006112
884771000006113
989231000006113
5924591000006115
6029101000006113
5935511000006114
3627911000006115
300721013
300723011
5935521000006118
13823801000006112
906731000006110
3175461000006115
66891000006111
914591000006113
8047961000006113