37299019
208692015
208698016
216231017
252112018
256950013
272816017
282903011
295453015
304231013
304232018
304235016
304236015
304237012
304238019
304240012
304244015
305204015
305212011
305215013
305216014
317523016
317524010
317525011
317526012
317527015
354695016
354696015
354736014
396728011
397460012
406330013
406331012
419993011
478855012
503036010
503840017
504331016
504334012
504669015
507635014
1222092012
1222360015
1494848017
1777475010
1777632010
1786083014
2162415015
2162416019
2164085015
2533410015
2579202017
3035332015
3514654019
3636273016
72601000006110
81021000006113
121721000006114
121741000006119
121751000006117
186191000006111
400101000006118
429721000006114
497251000006113
515171000006110
615711000006112
646261000006118
673501000006114
675651000006110
676521000006111
676861000006115
726691000006119
772621000006118
772821000006119
772951000006119
773111000006111
781731000006114
831121000006116
867981000006119
868001000006114
886841000006116
908531000006116
908921000006113
908931000006111
909351000006111
910551000006112
910631000006118
917121000006112
917511000006112
917531000006118
917551000006113
917561000006110
917571000006115
917581000006117
918171000006114
918181000006112
932491000006110
1014151000006116
1550421000006119
1588121000006119
1676411000006116
1775341000006112
1776551000006113
1936401000006116
1936421000006114
1936521000006113
1936531000006111
1936541000006118
1936551000006116
1936661000006118
1936681000006111
1936691000006114
1936701000006114
1936711000006112
1936721000006116
1936731000006118
1937311000006113
1937431000006114
1937461000006117
1937541000006115
2373691000000119
2627801000006115
2638891000006111
2638901000006110
2643941000006115
2854001000006114
2854021000006116
2854031000006118
2854041000006111
2854051000006113
2854071000006115
3178831000006117
3469181000006112
3469191000006110
3478371000006111
3776311000006113
3923201000006119
3923211000006116
3978561000006114
4196111000006110
4431911000006111
4590161000006115
4590171000006110
4590181000006113
4590201000006114
4590211000006112
4590221000006116
4590231000006118
4590241000006111
4590251000006113
4590261000006110
4590271000006115
4590281000006117
4590291000006119
4789951000006114
5091891000006119
5096871000006114
5096881000006112
5096891000006110
5097221000006114
5097241000006119
5097251000006117
5097261000006115
5727211000006111
6026151000006118
6342721000006113
6342731000006111
6839981000006117
7033781000006117
7259051000006115
7295341000006110
7383961000006119
7384001000006118
7384011000006115
7690761000006116
8189671000006115
8264231000006119
8282421000006110