3716081000006112
615841000006116
7082371000006115
8031201000006110
9315391000006118
411475015
7036961000006118
301029011
102311013
301268012
3994121000006112
7374151000006114
2845671000006110
396098013
3994111000006116
7374131000006119
396097015
348109017
481104016
477701000006111
484189011
2967531000006115
3500471000006116
3500481000006118
106138013
2951111000006117
2815451000006114
7224361000006119
532911000006116
3485551000006110
3485521000006118
540281000006117
4651231000006112
51348012
301240013
348209011
301229017
488111000006118
553511000006117
301182018
301243010
396095011
556851000006112
121629017
3691001000006119
301186015
301198013
99894013
5035741000006111
5036311000006116
2536551000006110
4780861000006112
301245015
301181013
3144611000006116
301183011
50120012
301248018
555041000006112
301241012
138105010
59944016
301185016
79723013
5035711000006112
147320013
1284016
301199017
301200019
556121000006114
7080681000006111
142764012
301187012
1229598015
14149861000006118
301242017
301176016
66718013
301214019
2500691000006110
65349012
301238015
301239011
885081000006113
150766011
13306011
5035881000006110
301184017
4651221000006114
3518891000006118
1232368017
313774010
3841011000006119
7094791000006110
5035291000006112
3885921000006118
3661801000006110
3475981000006119
1854911000006112
611131000006116
3518901000006119
2873221000006112
13781851000006117
5035481000006113
4056571000006114
2873251000006115
267571019
267536019
218571000000110
4651211000006118
7224351000006116
3007501000006114
2882411000006118
7338981000006114
451074013
668921000006113
669061000006111
6060191000006116
6060071000006118
668971000006114
668981000006112
668991000006110
669001000006110
4651841000006115
4652141000006118
3251681000006114
6651311000006116
4652191000006110
3006501000006111
669011000006113
669021000006117
669071000006116
669091000006115
669171000006115
4780611000006113
860891000006113
130650014
267677011
860901000006112
3966861000006116
860881000006110
372201000000119
389324013
669031000006119
669041000006112
669051000006114
668931000006111
668941000006118
668951000006116
668961000006119
669081000006118
912771000006112
4652211000006111
4652171000006114
4652151000006116
6060081000006115
669111000006112
669121000006116
669131000006118
669141000006111
669151000006113
3006491000006115
251711015
348110010
481105015
933361000006117
6298141000006118
817341000006110
350153016
817361000006114
2845661000006115
7100601000006111
3039767012
661841000000114
3132651000006110
481673013
3903021000006111
885141000006115
789291000006119
681901000006112
301227015
3583461000006119
885091000006111
4651351000006111
8038971000006116
7964731000006115
7078651000006113
3365161000006110
3365141000006111
8029511000006112
7103101000006112
317282013
4380511000006111
3708141000006115
2967521000006118
146480018
2476635012
9315281000006114
8038961000006111
9315321000006115
9689261000006111
3527096011
396100013
348120017
5269981000006116
5270001000006114
5270021000006116
2666841000006113
5985671000006114
267569019
456346011
457116012
5270521000006111
372065013
5972041000006113
372064012
3410231000006113
4056561000006119
451073019
506433017
4214201000006110
301280016
3020471000006114
681821000006111
860911000006110
860941000006114
932931000006115
51349016
7965251000006116
5035031000006115
860681000006111
5724351000006111
255593013
255594019
4576671000006114
4576451000006118
4214171000006111
301824017
301237013
301211010
301213013
301825016
301170010
396094010
3632611000006110
6619371000006119
6617001000006116
6617031000006112
224001000000114
5035141000006112
3802951000006115
411477011
3475991000006116
301299013
36447011
6383251000006113
3518200017
40240015
301163010
143315012
3520533014
48663018
87782018
301156010
3517884019
681691000006114
301171014
301826015
3520535019
150282011
44865016
301159015
5270481000006111
267676019
2579013
7643851000006112
8269821000006117
5035681000006111
301210011
853251000006117
301088017
5037141000006118
5035011000006114
4053391000006113
301823011
492457012
7291301000006110
3632601000006112
9315171000006116
5308931000006115
8016801000006110
267508012
411476019
3932791000006113
6530381000006113
118701000006118
4651091000006115
267507019
5037151000006116
2646901000006110
511731000000116
411474016
1235550012
1786675016
1786676015
860671000006113
5563621000006116
85452012
655041000006119
669161000006110
4652041000006117
5589961000006116
14582019
301158011