2432010
12361010
16007016
17368014
18585010
19442013
21608010
21698018
23218017
24420011
29014019
44644012
46674018
50111015
52155016
63738018
65872016
70919018
70920012
72069017
74345010
76191012
85429013
98860016
99703019
100591015
100592010
105477014
108146018
110078018
112783010
117050017
117201018
124599018
125088015
125588013
127966019
129342012
129405018
129408016
131348017
146137017
151604014
151783012
286317012
286320016
286321017
286948013
287862010
297887018
297888011
297891011
297893014
297894015
297895019
297897010
297900015
297901016
297902011
297903018
297904012
297905013
297907017
297913014
297958015
297959011
297962014
297964010
297965011
297969017
297970016
297972012
297973019
297977018
297979015
297980017
298325015
298326019
298327011
298333019
298335014
298336010
298343016
298344010
298345011
298346012
298347015
298348013
298350017
298354014
298355010
298356011
298363011
298364017
298859012
298867016
298871018
298872013
299442018
299443011
299444017
299456016
299461019
299471017
347458011
347485016
395386019
399440013
399442017
399488011
399489015
399490012
454062010
456766016
458789018
1229869010
1231652019
1777714015
1786145010
2477006014
2535612016
62891000006110
151821000006115
155971000006110
170161000006113
370931000006111
394621000006118
425741000006117
595221000006117
612821000006117
625191000006111
745731000006116
755181000006118
763071000006113
763131000006111
763141000006118
883281000006117
883591000006116
931901000006118
989051000006110
2526511000006111
2678831000006114
2678841000006116
2678851000006119
2727601000006113
3177451000006113
3177471000006115
3184411000006110
3253101000006112
3253121000006119
3331161000006118
3422501000006111
3604441000006111
3724651000006111
3724661000006113
3988461000006118
4744811000006112
4771701000006116
4771961000006117
6023551000006117
6045871000006114
6798281000006113