7359511000006119
4354171000006113
6376621000006115
4664761000006119
270944012
478011000006110
478031000006116
478051000006111
270987010
271030012
394285014
271036018
5293971000006115
3478281000006116
1234202016
299985016
1222314017
299987012
3478271000006119
1222315016
299986015
1547191000006112
3601841000006111
5056731000006110
5293941000006111
299988019
355941000000115
13948561000006114
374104011
5332171000006111
5332231000006119
488521000006118
299992014
300897011
5332151000006118
3478261000006114
488551000006110
3877451000006118
299989010
7573991000006117
7574031000006118
7574001000006114
465381000000114
5042031000006112
5042051000006117
5042021000006114
5042011000006118
112523010
299990018
1232103019
299991019
4214631000006117
3138871000006116
188662011
270950019
348861015
2695640010
3478301000006117
2884131000006110
313425010
7350151000006119
5041911000006111
2639211000006112
2919571000006112
5570451000006112
5568791000006117
5041871000006113
5041881000006111
5042401000006111
5040881000006118
120221015
892941000006112
5294061000006112
5570481000006116
2887631000006113
3346961000006113
3346971000006118
3313391000006117
348739017
514511000006110
526141000006115
5056701000006119
5056711000006116
7487281000006119
7487271000006117
5294011000006114
2908131000006114
5972731000006118
3895121000006117
538921000006110
4009601000006119
884021000006110
5721201000006119
883981000006111
145328019
299637015
371021000006118
883991000006114
5721191000006117
3776871000006114
1219795015
4664961000006116
271020015
4214571000006118
2602511000006114
3853911000006117
4424221000006110
271022011
271028010
499818013
3853941000006118
505490010
474766017
5260771000006112
348887015
3304041000006112
2602541000006113
300016017
5328981000006112
313439010
3725681000006119
315698012
2960391000006112
31287015
313374012
313373018
2867731000006118
313353011
313351013
3524871000006115
3636249012
13971331000006115
4014291000006111
313355016
580471000006114
377170014
2981761000006110
2739271000006114
2535810014
3852711000006112
371601000006119
583621000006115
583691000006118
50085019
2981781000006117
136773016
313378010
313375013
892921000006117
315681012
580501000006119
313356015
313365010
313368012
3852721000006116
1228441015
3594351000006110
2675255018
7881021000006110
2743421000000119
348762015
5041851000006115
7574471000006113
5330631000006118
7396801000006118
5570461000006114
5568801000006116
5570501000006114
299602018
395765016
300014019
300015018
7388811000006117
5329321000006119
505081012
4824811000006111
4824821000006115
4824781000006114
313369016
4824801000006113
5332141000006115
636731000006119
636741000006112
1547261000006111
1547111000006119
355461000000111
5056661000006110
5056691000006119
5056751000006115
1235697018
400804011
313431013
377169013
251936016
251925011
460658014
7573211000006119
271066013
2504421000006117
2504401000006110
818841000006115
5560091000006116
5889021000006110
865121000006112
865131000006110
818851000006118
2908141000006116
300021019
270993019
5568831000006112
865141000006117
865151000006115
300022014
460646014
410959018
270994013
865161000006118
461520010
8030281000006114
4664611000006113
4664561000006110
4664751000006116
4664671000006116
313352018
787901000006111
783781000006111
4214591000006117
740161000006116
4824881000006116
1222319010
5294171000006116
5590561000006116
2628841000006117
5042071000006110
5330581000006116
5330611000006112
5330641000006111
313323016
324807017
7520931000006111
204071000006116
204181000006117
4664791000006110
4664711000006117
3288511000006116
13940571000006117
13936851000006111
13939421000006110
13939391000006119
13940541000006113
13940511000006114
13936861000006113
13939451000006118
884051000006118
989091000006116
299610017
299611018
299612013
299603011
299614014
5518031000006119
5294141000006112
1227426018
299607012
299981013
299980014
3288531000006110
299609010
5294151000006114
81193017
299608019
14168581000006112
5056651000006113
1234383014
299606015
299604017
299605016
299593012
299591014
299592019
5294271000006111
5590601000006116
7424051000006117
299596016
219511000000113
299984017
300896019
5329231000006112
5889071000006111
81191015
3288481000006112
81192010
374120018
5040451000006111
13655201000006115
2471474013
700891000006114
2628851000006115
2628921000006115
2771491000006111
81186016
7574041000006111
7574081000006117
6903311000006110
3794881000006112
6426331000006115
2526691000006119
1478969019
270933016
13940581000006119
13936871000006118
13939431000006113
13939401000006117
13940551000006110
13940521000006118
13936881000006115
13939461000006116
2981791000006119
3288521000006112
5329241000006119
4042941000006110
299613015
300868013
694361000006112
694371000006117
399141000006119
2688731000006112
6782861000006115
6426311000006114
3360371000006114
3178071000006114
3178081000006112
2814831000006118
884291000006116
884271000006117
884321000006113
884301000006115
884311000006117
884281000006119
6060051000006111
7572651000006112
5560081000006119
4776741000006111
585851000006114
4775551000006111
297491000006116
400161000006117
297501000006112
4776911000006110
884261000006112
271011012
4664861000006112
271005014
271006010
394282012
271010013
271015015
271012017
23410014
3695691000006118
5041921000006115
5042481000006119
5040661000006110
355701000000115
476087017
300893010
408041000006117
315682017
300863016
300866012
412241000006110
412251000006112
271039013
271029019
313360017
313364014
300864010
299630018
271027017
355861000000113
271016019
271038017
270951015
270934010
270982016
270967014
270995014
271002012
300865011
250411000006119
4824831000006117
3754991000006110
2889311000006119
3258051000006117
3619911000006118
13662991000006118
7295621000006112
271044018
6460431000006117
271043012
271046016
1547091000006111
355881000000116
271045017
233261000006114
2478805011
3619881000006118
7487291000006116
4664641000006112
270952010
394277017
270935011
394276014
270983014
270968016
270996010
394280016
377727015
3985521000006116
377722014
460696010
4312261000006113
7346591000006119
5061221000006115
3527324014
394281017
204211000006118
204241000006119
5590581000006114
300009018
300001015
313386010
1222317012
300003017
300002010
3422491000006115
300010011
300008014
193971000006119
313349014
2604851000006116
193991000006118
300895015
300012015
424311000006118
5331951000006112
5889111000006115
5889131000006114
5042111000006119
3985501000006114
465651000000113
3422451000006114
300011010
348898019
6460791000006110
5042341000006117
194021000006117
270981011
3985491000006118
3422471000006116
1222316015
193911000006111
584801000006111
3740551000006115
5061231000006117
5041961000006114
6460781000006112
145956019
5332221000006117
1222320016
4214621000006115
3346951000006111
5042601000006113
4664741000006118
4664721000006113
465571000000117
6460761000006119
5980491000006119
271057014
172601000006117
13501811000006118
1546231000006116
2675832010
6426361000006112
5043291000006112
465751000000116
7368571000006113
7368581000006111
1547181000006114
43909016
270949019
5041981000006116
88255012
270932014
3313361000006113
3623041000006114
270980012
42309019
270963013
349010016
410957016
270965018
5042441000006113
270999015
270998011
271001017
271000016
2693780012
270997018
271003019
884031000006113
884001000006117
884081000006114
989101000006110
884071000006111
884041000006115
991631000006110
129504017
488451000006114
119660019
30011012
20721017
299597013
2691341000006112
3864991000006118
884011000006119
3001221000006111
52032016
700741000006112
143386015
2510851000006117
3865011000006111
505828015
1228148017
3049641000006111
168541000006110
1495489016
31507017
299626016
3985631000006119
3985621000006117
1232960018
87501000006118
168601000006114
299618012
299620010
299619016
299624018
3600871000006112
168651000006113
5330251000006110
409857016
158611000006118
5560101000006110
10853017
159001000006119
159271000006119
5837481000006118
5056721000006112
13940591000006116
13936891000006117
13939441000006115
13939411000006119
13940561000006112
13936901000006118
13939471000006111
8016701000006119
125481000006119
3483891000006117
313382012
4824871000006119
4824861000006114
313377017
313429016
2629701000006115
116861000006111
7348911000006118
5503471000006117
6901881000006110
8464151000006119
7867921000006116
5330901000006116
271052015
105301000006111
105381000006119
7388801000006115
4193451000006111
3346981000006115
3313371000006118
5294281000006114
4193471000006118
1716111000006113
8464141000006116
7867911000006112
3619901000006116
1716711000006112
7364941000006117
588751000006110
7364951000006115
1232958015
1222306011
299994010
4193461000006113
299995011
7327431000006118
4193441000006114
1222307019
299996012
1222309016
299623012
1222308012
299621014
299997015
8227681000006115
299616011
429571000006116
4776821000006111
300000019
299993016
4193421000006119
299622019
465521000000116
5889191000006113
348801017
6426391000006116
2536641017
270966017
5330731000006110
3776881000006112
354891000000118
6426371000006117
2903301000006111
899991000006111
270917019
1705016
2664371000006115
6902071000006114
7627091000006115
4214601000006113
55891000006112
5382271000006112
4664581000006117
4664771000006114
55901000006111
55911000006114
55921000006118
270988017
4664691000006115