17117015
50047017
178784013
187840011
299159019
299160012
299161011
299162016
299163014
299164015
299165019
299166018
299167010
299171013
299173011
299544019
475301015
710871000006110
810651000006116
812181000006115
906701000006119
2713111000006119
2713141000006115
2713161000006116
3316731000006112
3316741000006119
3659911000006112
4088561000006110
4088571000006115
4088591000006119
4088671000006116
4088681000006118
4197121000006116
4197131000006118
4774951000006117
4774981000006113
4775011000006118
4775081000006113
5034231000006112
5034271000006110
5034281000006113
5600091000006114
5600101000006115
5971471000006116
5971481000006118
6221491000006118
7995171000006117
14163901000006118