13939061000006113
13934721000006118
13935521000006111
13935291000006110
802901000006112
347842017
456798010
456799019
907831000006117
312977019
2614361000006114
12843014
312981019
485111000006113
14008511000006110
6867171000006117
8131018
266572018
510181000006115
510191000006117
510201000006119
510211000006116
510221000006112
510231000006110
510241000006117
510251000006115
510281000006111
510261000006118
510271000006113
510321000006117
510291000006114
510301000006110
510331000006119
510341000006112
510361000006111
510371000006116
510381000006118
8111981000006112
11998211000006114
8068071000006111
883371000006112
855291000006110
5182801000006113
2865981000006110
1529013
493267010
515711000006119
5564611000006114
8110521000006113
8110511000006117
298285015
298309013
5192741000006116
283416014
515731000006113
5564631000006115
8110501000006115
8110491000006111
883361000006117
988991000006111
883381000006110
989001000006111
4121051000006114
515811000006111
515781000006114
515791000006112
299506011
298262016
5999711000006112
298288018
1816041000006111
883391000006113
2619503012
308101000000115
8227901000006119
8227891000006118
298313018
4944191000006115
2773231012
4057501000006117
313046011
4771631000006115
113901010
6849021000006119
2267571000000111
1848531000006116
3649791000006119
2627091000006118
5232971000006115
1963661000006119
2267601000000116
7174871000006118
7973421000006117
7973691000006117
736911000000111
6867181000006119
499291000006111
460864017
1227707010
2538511000006113
2982331000006114
251934018
14191011
733161000000116
510311000006113
510351000006114
747321000006113
1583901000006115
5484531000006114
4647651000006110
266565019
772871000006118
298286019
747331000006111
747311000006117
747351000006116
747341000006118
734951000006114
747381000006112
747361000006119
747371000006114
747411000006110
747391000006110
747401000006112
747421000006119
747431000006116
298289014
734661000006116
5564621000006118
5564641000006113
2164154014
298277012
298284016
298278019
298300012
298308017
298301011
324917011
1816031000006118
8262621000006110
8262641000006115
6588761000006114
2168201000000117
2168211000000115
3525271000006115
255292016
255275013
253779017
253778013
253791014
6760881000006114
6760911000006114
6760941000006113
6760971000006117
255293014
2163968012
2163969016
2163970015
2163971016
1821681000006112
1821691000006110
1821701000006110
1821711000006113
1821721000006117
1821731000006119
1821801000006119
1821811000006116
1821821000006112
1821831000006110
1821841000006117
1821851000006115
6760521000006112
6760551000006115
6760491000006110
2163958019
2163956015
2163957012
2163955016
2163962013
2163960017
2163961018
2163959010
6760641000006116
6760671000006112
6760021000006117
6759961000006113
6759991000006117
6760051000006114
6760081000006118
2163942017
2163940013
2163941012
2163943010
2163944016
2163948018
2163949014
2163950014
2163951013
2163952018
6760201000006116
6760231000006112
6760261000006115
6760291000006111
6760321000006119
253777015
255276014
2163963015
2163964014
2163965010
2163966011
6760731000006117
6760761000006114
6760791000006118
2549896013
952471000006113
952501000006118
955271000006115
956001000006110
1577681000006115
956091000006115
2113201000000110
1729241000000114
1780431000006112
1484840010
255283019
255284013
255285014
255286010
255287018
1484838017
255266011
255267019
255268012
255269016
255270015
1720061000000113
308921000000114
2549507019
2549323018
2114271000000117
308961000000118
402527016
5010911000006114
2538521000006117
6867161000006112
2750921000006111
298264015
298276015
323622018
899111000006115
403051013
266571013
10091000006118
4943361000006111
2164158012
856171000006114
2566391000006117
493265019
232091000006119
2627141000006114
264662014
2750931000006114
3535801000006110
2627121000006119
2627111000006110
460633016
298299016
298287011
2538531000006119
460655012
5190391000006110
6026121000006110
2627131000006116
2708871000006112
1060061000000116
264661019
17791000000110
442202014
1564221000000111
1563201000000117
2538048016
3514881000006114
3077041000006110
4323281000006117
499277019
486280019
2419111000000119
2440141000000115
1779881000000115
2440231000000116
2440101000000118
2398841000000110
2398901000000116
2504171000000115
4647691000006116
4647671000006117
266569013
266568017
11639551000006113
746431000000113
8262581000006110
8262601000006117
6588751000006112
2168181000000116
2168191000000119
2164155010
2627081000006116
982291000006118
4944151000006114
298252011
2440051000000118
2496941000000110
2230871000000115
857631000006118
3525261000006110
6588731000006117
2164157019
399455016
1233307015