44918014
64466019
98484016
216205019
251689017
251693011
257494018
257497013
271392011
296931015
296932010
296933017
296935012
296936013
296938014
296939018
296940016
296947018
296948011
296949015
296950015
296951016
300672010
300673017
300674011
300676013
300677016
300681016
300682011
300691010
300692015
300695018
300696017
300697014
300704016
300710016
300711017
300712012
300713019
302984016
305585018
307739018
307740016
307741017
307742012
307747018
307749015
307750015
307815016
307816015
307832017
307833010
307834016
307838018
307861016
307862011
307866014
307867017
307868010
307869019
307871019
307872014
351300013
395801015
398450017
412645018
418852012
419640012
437622013
450270016
450295015
450296019
451478017
451479013
495552014
497563011
497564017
1221072019
1221214016
1227369013
1233987014
1235913017
2162148012
2162149016
2162422011
2534187010
2675439010
2795114019
2871986010
3636257010
3636258017
24951000006110
24981000006119
24991000006116
100691000006118
100701000006118
100721000006111
100821000006116
193601000006115
211691000006114
215511000000110
216571000006116
216591000006115
218551000000118
231561000006110
232951000006114
261021000006119
268641000006113
268671000006117
269411000006115
269431000006114
269441000006116
420621000006111
527221000006115
542251000006112
586241000006116
632111000000118
632731000006118
638821000006113
639231000006117
851241000006115
884731000006110
888681000006112
888691000006110
888731000006119
909471000006114
927311000006111
989221000006110
1059641000000112
1119161000000115
1676381000006119
1715671000006119
1715681000006116
1716271000006111
1741651000006115
1741661000006118
1741671000006113
1786921000006116
2144741000000111
2234371000000119
2247661000000111
2267501000000115
2488341000000112
2488381000000116
2523501000006117
2526271000006117
2730141000006117
2765831000006118
2784341000006116
2784351000006119
2837981000006113
2838001000006118
2929831000006119
2929841000006112
2929851000006114
3308951000006115
3414341000006115
3414351000006118
3462921000006119
3587351000006116
3742921000006119
3840161000006112
3840171000006117
3962581000006110
4056971000006118
4056981000006115
4403261000006113
4540551000006119
4540611000006119
4666331000006118
4768491000006118
4785671000006113
5057591000006116
5057601000006112
5057621000006119
5057651000006111
5057661000006113
5057801000006113
5059251000006117
5059301000006112
5059321000006119
5140941000006114
6452821000006114
6694741000006111
6694751000006113
6694761000006110
6694771000006115
7078581000006116
7078591000006118
7078601000006114
7095381000006112
7098321000006117
7226641000006117
7273741000006119
7609581000006110
7617181000006110
7617191000006113
7699481000006113
7848521000006117
7966351000006118
7967281000006119
7967291000006116
8022611000006115
8041431000006116
8041571000006119
8041581000006116
8041601000006114
8041651000006113
8042101000006112
8042511000006119
8044851000006112
8106001000006111
8361011000006114
8361031000006115
9326661000006116
12107671000006116
12107681000006116
12107691000006120
13949481000006112
14194181000006112
14194871000006116
14496451000006116